1476	2
1491	4
1493	7
1493	9
1494	11
1490	13
1467	16
1451	18
1454	20
1470	23
1479	25
1480	27
1480	30
1482	32
1466	34
1448	36
1439	39
1455	41
1475	44
1482	47
1484	49
1479	51
1461	54
1439	56
1422	58
1428	60
1447	63
1452	65
1457	67
1462	70
1462	72
1441	74
1418	77
1415	79
1431	81
1453	84
1465	87
1476	89
1480	91
1468	94
1436	96
1422	98
1428	101
1451	103
1464	105
1470	108
1472	110
1473	112
1449	115
1430	117
1433	120
1450	122
1468	124
1474	128
1478	130
1480	132
1466	135
1443	137
1442	139
1464	142
1484	144
1488	146
1490	149
1488	151
1475	153
1448	156
1434	158
1442	161
1469	163
1487	165
1493	168
1493	171
1491	173
1467	176
1453	178
1459	180
1477	183
1483	185
1486	187
1486	190
1484	192
1464	195
1451	197
1449	199
1470	202
1488	204
1496	206
1500	209
1503	211
1494	214
1466	217
1454	219
1466	221
1489	224
1495	226
1496	228
1497	231
1491	233
1472	236
1456	238
1460	240
1490	243
1515	245
1522	247
1515	250
1512	252
1494	254
1476	258
1469	260
1485	262
1506	265
1521	267
1533	269
1532	272
1516	274
1484	277
1468	279
1481	281
1496	284
1503	286
1506	288
1508	291
1501	293
1474	295
1461	299
1463	301
1484	303
1496	306
1500	308
1500	311
1496	313
1469	315
1447	318
1447	320
1463	322
1481	325
1490	327
1502	329
1511	332
1501	334
1478	336
1466	339
1477	342
1492	344
1495	347
1500	349
1507	352
1501	354
1477	356
1470	359
1480	361
1498	363
1505	366
1504	368
1500	370
1498	373
1472	375
1447	377
1451	380
1486	382
1508	385
1517	388
1511	390
1506	393
1483	395
1465	397
1456	400
1474	402
1495	404
1502	407
1505	409
1509	411
1505	414
1480	416
1468	418
1487	421
1510	423
1521	425
1519	429
1518	431
1518	434
1500	436
1473	438
1466	441
1486	443
1502	445
1514	448
1530	450
1541	452
1516	455
1489	457
1483	459
1502	462
1518	464
1531	467
1548	470
1556	472
1532	475
1487	477
1470	479
1501	482
1533	484
1546	486
1552	489
1556	491
1537	493
1495	496
1478	498
1483	500
1499	503
1508	505
1530	508
1545	510
1540	513
1494	516
1459	518
1453	520
1459	523
1467	525
1466	527
1468	530
1477	532
1472	534
1449	537
1439	539
1454	542
1469	544
1474	546
1481	549
1489	551
1490	553
1465	557
1453	559
1461	561
1483	564
1492	566
1493	568
1485	571
1478	573
1449	575
1428	578
1434	580
1472	583
1496	585
1511	587
1506	590
1503	592
1485	594
1467	598
1454	600
1471	602
1492	605
1513	607
1530	609
1539	612
1523	614
1495	616
1482	619
1493	621
1509	624
1519	626
1521	628
1524	631
1514	633
1484	635
1454	638
1456	641
1503	643
1549	646
1556	648
1537	650
1524	653
1493	655
1465	658
1454	660
1467	662
1486	665
1495	667
1494	669
1495	672
1489	674
1480	676
1482	679
1487	681
1489	684
1488	687
1489	689
1488	691
1474	694
1441	696
1427	699
1437	701
1464	703
1493	706
1523	708
1534	710
1527	713
1485	715
1439	717
1431	720
1457	722
1488	724
1489	728
1480	730
1483	732
1482	735
1463	737
1440	740
1447	742
1474	744
1492	747
1507	749
1494	751
1476	754
1445	756
1428	758
1430	761
1457	763
1475	765
1480	769
1483	771
1483	774
1465	776
1453	778
1455	781
1481	783
1498	785
1504	788
1500	790
1497	792
1483	795
1475	797
1478	799
1488	802
1509	804
1527	806
1532	809
1527	812
1510	815
1480	817
1469	819
1482	822
1500	824
1514	826
1523	829
1530	831
1526	833
1502	836
1491	838
1509	840
1532	843
1537	845
1534	848
1527	850
1520	852
1496	856
1486	858
1489	860
1498	863
1503	865
1498	867
1502	870
1508	872
1510	874
1486	877
1466	879
1479	881
1508	884
1518	886
1519	889
1506	891
1489	893
1458	897
1443	899
1450	901
1495	904
1531	906
1552	908
1556	911
1542	913
1508	915
1471	918
1453	920
1466	922
1490	925
1486	927
1477	930
1478	932
1478	934
1462	937
1454	940
1472	942
1488	945
1483	947
1482	949
1478	952
1484	954
1500	956
1527	959
1532	961
1527	964
1525	966
1534	968
1550	971
1549	973
1514	975
1473	978
1470	980
1505	983
1521	986
1514	988
1503	990
1501	993
1488	995
1474	997
1468	1000
1479	1002
1479	1005
1467	1007
1473	1009
1489	1012
1493	1014
1486	1017
1496	1019
1505	1021
1506	1025
1512	1027
1520	1030
1512	1032
1493	1035
1457	1037
1444	1039
1455	1042
1477	1044
1471	1047
1472	1049
1478	1051
1475	1054
1436	1056
1403	1059
1408	1061
1440	1063
1469	1067
1468	1069
1458	1072
1461	1074
1447	1076
1440	1079
1452	1081
1477	1084
1485	1086
1487	1088
1483	1091
1480	1093
1445	1096
1412	1098
1417	1100
1460	1103
1500	1105
1514	1108
1507	1111
1487	1113
1460	1116
1441	1118
1437	1121
1462	1123
1488	1125
1497	1128
1501	1130
1504	1133
1494	1135
1473	1138
1464	1140
1481	1142
1502	1145
1518	1147
1517	1150
1511	1153
1501	1155
1477	1158
1484	1160
1523	1163
1545	1165
1534	1167
1526	1170
1516	1172
1500	1175
1476	1177
1478	1179
1500	1182
1528	1184
1527	1187
1508	1189
1496	1191
1482	1195
1461	1197
1455	1200
1480	1202
1524	1204
1544	1207
1538	1209
1517	1212
1501	1214
1467	1217
1454	1219
1461	1221
1483	1224
1491	1226
1494	1229
1511	1231
1531	1233
1517	1236
1499	1239
1485	1242
1482	1244
1488	1246
1495	1249
1499	1251
1511	1254
1502	1256
1492	1258
1495	1261
1508	1263
1511	1266
1505	1268
1497	1270
1492	1273
1474	1275
1446	1278
1430	1281
1444	1283
1475	1286
1495	1288
1501	1291
1506	1293
1494	1295
1457	1298
1448	1300
1478	1303
1493	1305
1491	1308
1481	1310
1472	1312
1470	1315
1457	1317
1452	1320
1473	1323
1498	1325
1507	1328
1509	1330
1514	1333
1523	1335
1507	1337
1496	1340
1507	1342
1521	1345
1528	1347
1541	1349
1539	1352
1530	1354
1526	1357
1556	1359
1561	1361
1541	1364
1527	1367
1508	1370
1489	1372
1479	1374
1460	1377
1448	1379
1466	1382
1494	1384
1498	1386
1500	1389
1506	1391
1499	1394
1471	1396
1464	1398
1467	1401
1468	1403
1465	1406
1456	1409
1464	1412
1500	1414
1505	1416
1474	1419
1463	1421
1504	1424
1543	1426
1529	1428
1495	1431
1468	1433
1433	1436
1401	1438
1394	1440
1412	1443
1442	1445
1461	1448
1466	1451
1460	1453
1442	1456
1416	1458
1403	1461
1420	1463
1439	1465
1457	1468
1465	1470
1475	1473
1462	1475
1429	1477
1419	1480
1447	1482
1472	1485
1472	1487
1467	1489
1466	1492
1453	1495
1422	1498
1412	1500
1430	1502
1454	1505
1469	1507
1487	1510
1507	1512
1503	1515
1460	1517
1430	1519
1442	1522
1475	1524
1478	1527
1463	1529
1463	1531
1475	1534
1466	1537
1461	1540
1479	1542
1503	1544
1509	1547
1519	1549
1527	1552
1514	1554
1485	1556
1457	1559
1448	1561
1460	1564
1466	1566
1469	1568
1472	1571
1479	1573
1464	1576
1452	1579
1448	1581
1466	1584
1488	1586
1505	1589
1516	1591
1510	1594
1469	1596
1430	1598
1420	1601
1446	1603
1479	1606
1495	1608
1517	1610
1528	1613
1488	1615
1442	1618
1426	1620
1437	1623
1457	1626
1472	1628
1483	1631
1470	1633
1448	1635
1425	1638
1425	1640
1448	1643
1465	1645
1469	1647
1471	1650
1476	1652
1474	1655
1441	1657
1426	1659
1456	1662
1489	1665
1512	1668
1519	1670
1518	1672
1523	1675
1501	1677
1468	1680
1467	1682
1483	1684
1495	1687
1514	1689
1519	1692
1516	1694
1499	1696
1492	1699
1486	1701
1505	1704
1519	1707
1517	1709
1509	1712
1501	1714
1481	1717
1460	1719
1454	1722
1462	1724
1475	1726
1490	1729
1506	1731
1513	1734
1496	1736
1469	1738
1462	1741
1491	1743
1509	1746
1500	1748
1495	1751
1492	1754
1478	1756
1458	1759
1449	1761
1463	1763
1472	1766
1477	1768
1477	1771
1473	1773
1478	1775
1475	1778
1464	1780
1479	1783
1508	1785
1522	1787
1536	1790
1533	1793
1484	1796
1439	1798
1429	1800
1444	1803
1468	1805
1479	1808
1475	1810
1463	1813
1455	1815
1450	1817
1453	1820
1456	1822
1477	1825
1483	1827
1482	1829
1477	1832
1477	1835
1455	1838
1433	1840
1430	1842
1441	1845
1462	1847
1490	1850
1501	1852
1488	1854
1462	1857
1468	1859
1479	1862
1474	1864
1471	1866
1464	1869
1456	1871
1451	1874
1427	1876
1403	1879
1403	1882
1442	1884
1467	1887
1468	1889
1469	1891
1471	1894
1451	1896
1429	1899
1441	1901
1481	1903
1487	1906
1477	1908
1473	1911
1473	1913
1464	1916
1450	1918
1452	1921
1469	1924
1485	1926
1488	1929
1478	1931
1466	1933
1446	1936
1415	1938
1416	1941
1445	1943
1468	1945
1461	1948
1453	1950
1459	1953
1459	1955
1440	1957
1430	1960
1438	1963
1455	1966
1462	1968
1461	1970
1465	1973
1462	1975
1441	1978
1425	1980
1451	1982
1500	1985
1526	1987
1529	1990
1507	1992
1500	1994
1482	1997
1463	1999
1453	2002
1480	2004
1512	2007
1513	2010
1499	2012
1484	2015
1449	2017
1430	2020
1443	2022
1479	2024
1493	2027
1487	2029
1493	2032
1510	2034
1515	2036
1499	2039
1480	2041
1474	2044
1480	2046
1490	2049
1497	2052
1492	2054
1467	2057
1440	2059
1440	2061
1473	2064
1496	2066
1510	2069
1514	2071
1520	2073
1503	2076
1462	2078
1445	2081
1474	2083
1514	2085
1534	2088
1546	2091
1535	2094
1506	2096
1467	2098
1442	2101
1444	2103
1463	2106
1469	2108
1471	2110
1468	2113
1474	2115
1473	2118
1466	2120
1461	2123
1479	2125
1493	2127
1497	2130
1486	2132
1470	2136
1449	2138
1432	2140
1423	2143
1435	2145
1466	2148
1499	2150
1500	2152
1488	2155
1460	2157
1428	2160
1435	2162
1464	2164
1474	2167
1495	2169
1517	2172
1510	2174
1478	2177
1435	2180
1412	2182
1428	2185
1465	2187
1484	2189
1487	2192
1497	2194
1492	2197
1465	2199
1442	2202
1448	2204
1463	2206
1470	2209
1470	2211
1468	2214
1459	2216
1457	2219
1475	2222
1508	2224
1547	2227
1542	2229
1527	2231
1519	2234
1503	2236
1479	2239
1460	2241
1472	2243
1498	2246
1520	2248
1542	2251
1555	2253
1537	2255
1504	2258
1487	2260
1497	2264
1525	2266
1532	2268
1526	2271
1520	2273
1503	2276
1462	2278
1435	2280
1440	2283
1458	2285
1471	2288
1488	2290
1516	2293
1515	2295
1478	2297
1479	2300
1492	2302
1495	2306
1485	2308
1483	2310
1493	2313
1508	2315
1504	2318
1480	2320
1469	2322
1495	2325
1518	2327
1525	2330
1526	2332
1509	2334
1472	2337
1443	2339
1436	2342
1469	2344
1497	2347
1495	2350
1482	2352
1467	2355
1438	2357
1437	2360
1465	2362
1492	2364
1486	2367
1490	2369
1497	2372
1486	2374
1463	2376
1440	2379
1426	2381
1438	2384
1467	2386
1489	2388
1485	2392
1477	2394
1462	2397
1447	2399
1452	2401
1466	2404
1465	2406
1459	2409
1460	2411
1458	2413
1435	2416
1398	2418
1387	2421
1416	2423
1473	2425
1506	2428
1513	2430
1501	2434
1479	2436
1438	2439
1423	2441
1443	2443
1461	2446
1461	2448
1468	2451
1469	2453
1462	2455
1445	2458
1431	2460
1423	2463
1437	2465
1446	2467
1451	2470
1449	2472
1446	2476
1432	2478
1445	2480
1464	2483
1470	2485
1461	2488
1447	2490
1450	2492
1460	2495
1449	2497
1418	2500
1425	2502
1486	2504
1520	2507
1509	2509
1488	2512
1470	2514
1446	2516
1451	2520
1477	2522
1488	2525
1478	2527
1483	2530
1494	2532
1497	2534
1485	2537
1445	2539
1411	2542
1428	2544
1488	2546
1519	2549
1522	2551
1507	2554
1475	2556
1449	2558
1444	2562
1454	2564
1464	2567
1465	2569
1460	2571
1447	2574
1431	2576
1418	2579
1442	2581
1473	2583
1475	2586
1458	2588
1446	2591
1446	2593
1448	2595
1432	2598
1424	2600
1428	2604
1444	2606
1454	2609
1476	2611
1509	2613
1520	2616
1470	2618
1422	2621
1412	2623
1427	2625
1444	2628
1458	2630
1479	2633
1484	2635
1469	2637
1450	2640
1436	2642
1439	2646
1433	2648
1424	2650
1425	2653
1432	2655
1418	2658
1412	2660
1425	2662
1452	2665
1460	2667
1447	2670
1452	2672
1464	2674
1447	2677
1401	2679
1380	2682
1403	2684
1440	2686
1466	2690
1471	2692
1450	2695
1424	2697
1412	2699
1416	2702
1423	2704
1447	2707
1478	2709
1485	2712
1479	2714
1473	2716
1445	2719
1403	2721
1401	2724
1418	2726
1421	2728
1432	2732
1450	2734
1451	2737
1431	2739
1435	2741
1465	2744
1464	2746
1444	2749
1435	2751
1459	2753
1487	2756
1453	2758
1420	2761
1416	2763
1424	2765
1442	2768
1471	2770
1499	2774
1516	2776
1490	2778
1463	2781
1467	2783
1496	2786
1505	2788
1488	2790
1477	2793
1478	2795
1465	2798
1456	2800
1457	2803
1479	2805
1498	2807
1490	2810
1474	2812
1468	2816
1437	2818
1408	2820
1411	2823
1472	2825
1527	2828
1523	2830
1511	2832
1506	2835
1485	2837
1453	2840
1432	2842
1448	2844
1457	2847
1452	2849
1470	2852
1490	2854
1488	2856
1462	2860
1447	2862
1452	2865
1504	2867
1544	2869
1521	2872
1492	2874
1476	2877
1446	2879
1444	2881
1473	2884
1497	2886
1514	2889
1550	2891
1554	2894
1511	2896
1470	2898
1438	2902
1438	2904
1474	2907
1503	2909
1511	2911
1506	2914
1488	2916
1457	2919
1451	2921
1459	2923
1468	2926
1471	2928
1481	2931
1483	2933
1490	2935
1500	2938
1505	2940
1519	2944
1549	2946
1551	2948
1522	2951
1510	2953
1510	2956
1485	2958
1462	2960
1469	2963
1489	2965
1485	2968
1471	2970
1469	2973
1490	2975
1488	2977
1450	2980
1421	2982
1447	2985
1504	2988
1531	2990
1525	2993
1501	2995
1483	2998
1487	3000
1481	3002
1481	3005
1477	3007
1474	3010
1481	3012
1505	3014
1508	3017
1465	3019
1439	3022
1452	3024
1476	3026
1483	3030
1491	3032
1501	3035
1495	3037
1473	3039
1476	3042
1482	3044
1480	3047
1497	3049
1528	3052
1537	3054
1511	3056
1478	3059
1433	3061
1427	3064
1471	3066
1494	3068
1501	3072
1510	3074
1500	3077
1469	3079
1457	3081
1461	3084
1474	3086
1462	3089
1454	3091
1450	3093
1446	3096
1437	3098
1451	3101
1461	3103
1482	3105
1492	3108
1488	3110
1497	3113
1507	3116
1467	3118
1429	3121
1432	3123
1459	3126
1492	3128
1501	3131
1521	3133
1536	3135
1499	3138
1457	3140
1453	3143
1501	3145
1536	3147
1532	3150
1499	3152
1476	3155
1453	3158
1448	3160
1461	3163
1469	3165
1480	3168
1502	3170
1507	3172
1481	3175
1447	3177
1415	3180
1405	3182
1426	3184
1445	3187
1446	3189
1445	3192
1457	3194
1470	3197
1445	3200
1426	3202
1456	3205
1512	3207
1521	3210
1501	3212
1489	3214
1483	3217
1477	3219
1467	3222
1455	3224
1468	3226
1481	3229
1483	3231
1477	3234
1467	3236
1466	3238
1479	3241
1472	3244
1459	3247
1443	3249
1442	3251
1443	3254
1441	3256
1424	3259
1417	3261
1418	3263
1435	3266
1448	3268
1482	3271
1523	3273
1505	3275
1443	3278
1423	3280
1431	3283
1464	3286
1490	3288
1497	3291
1486	3293
1465	3296
1436	3298
1427	3300
1446	3303
1466	3305
1476	3308
1487	3310
1506	3313
1511	3315
1485	3317
1450	3320
1430	3322
1447	3325
1471	3328
1486	3330
1482	3333
1477	3335
1464	3338
1443	3340
1435	3342
1464	3345
1500	3347
1511	3350
1505	3352
1483	3354
1470	3357
1460	3359
1445	3362
1451	3364
1468	3366
1464	3369
1473	3372
1495	3375
1493	3377
1440	3379
1408	3382
1417	3384
1457	3387
1472	3389
1457	3391
1440	3394
1435	3396
1429	3399
1446	3401
1460	3404
1457	3406
1459	3408
1464	3411
1484	3414
1492	3417
1458	3419
1422	3421
1423	3424
1453	3426
1504	3429
1553	3431
1551	3433
1529	3436
1493	3438
1473	3441
1460	3443
1463	3445
1460	3448
1474	3450
1498	3453
1510	3456
1495	3458
1470	3461
1462	3463
1497	3466
1522	3468
1505	3470
1475	3473
1454	3475
1422	3478
1392	3480
1396	3483
1423	3485
1458	3487
1491	3490
1518	3492
1520	3495
1505	3497
1457	3500
1425	3503
1433	3505
1442	3508
1439	3510
1439	3512
1441	3515
1458	3517
1449	3520
1411	3522
1421	3524
1455	3527
1461	3529
1465	3532
1467	3534
1456	3536
1419	3539
1415	3542
1469	3545
1512	3547
1499	3549
1492	3552
1480	3554
1468	3557
1446	3559
1428	3562
1428	3564
1450	3566
1455	3569
1463	3571
1487	3574
1501	3576
1474	3578
1439	3581
1442	3584
1469	3587
1475	3589
1486	3591
1494	3594
1473	3596
1437	3599
1407	3601
1410	3603
1439	3606
1450	3608
1446	3611
1441	3613
1433	3615
1403	3618
1396	3620
1430	3623
1476	3625
1476	3628
1464	3631
1461	3633
1452	3636
1414	3638
1380	3640
1365	3643
1371	3645
1390	3648
1418	3650
1455	3653
1483	3655
1494	3657
1464	3660
1418	3662
1413	3665
1425	3667
1429	3670
1426	3673
1420	3675
1417	3678
1406	3680
1405	3682
1435	3685
1482	3687
1494	3690
1485	3692
1474	3694
1458	3697
1426	3699
1410	3702
1416	3704
1431	3706
1429	3709
1427	3712
1422	3715
1424	3717
1407	3719
1404	3722
1421	3724
1444	3727
1448	3729
1456	3731
1462	3734
1473	3736
1465	3739
1455	3741
1469	3744
1500	3746
1505	3748
1495	3751
1484	3753
1489	3757
1487	3759
1475	3761
1468	3764
1484	3766
1493	3769
1490	3771
1479	3773
1478	3776
1473	3778
1460	3781
1440	3783
1448	3785
1464	3788
1499	3790
1532	3793
1510	3795
1464	3798
1450	3801
1453	3803
1471	3806
1479	3808
1482	3811
1499	3813
1508	3815
1469	3818
1423	3820
1407	3823
1421	3825
1441	3827
1441	3830
1445	3832
1461	3835
1459	3837
1442	3840
1428	3843
1427	3845
1434	3848
1438	3850
1441	3852
1442	3855
1439	3857
1416	3860
1402	3862
1406	3864
1435	3867
1457	3869
1479	3872
1477	3874
1468	3876
1436	3879
1407	3881
1403	3885
1431	3887
1463	3889
1473	3892
1471	3894
1473	3897
1477	3899
1468	3902
1457	3904
1478	3906
1483	3909
1478	3911
1475	3914
1477	3916
1465	3918
1451	3921
1442	3923
1453	3927
1457	3929
1455	3931
1461	3934
1465	3936
1451	3939
1436	3941
1433	3943
1446	3946
1461	3948
1465	3951
1454	3953
1440	3955
1416	3958
1399	3960
1399	3963
1437	3965
1480	3968
1496	3971
1493	3973
1477	3976
1444	3978
1410	3981
1399	3983
1415	3985
1443	3988
1449	3990
1453	3993
1473	3995
1494	3997
1474	4000
1447	4002
1447	4005
1453	4007
1453	4009
1462	4013
1460	4015
1448	4018
1422	4020
1414	4022
1451	4025
1496	4027
1512	4030
1502	4032
1496	4034
1485	4037
1458	4039
1440	4042
1454	4044
1495	4046
1509	4049
1502	4051
1494	4055
1488	4057
1465	4059
1449	4062
1455	4064
1483	4067
1499	4069
1504	4072
1506	4074
1501	4076
1481	4079
1453	4081
1444	4084
1464	4086
1471	4088
1479	4091
1493	4093
1492	4097
1461	4099
1437	4101
1434	4104
1453	4106
1470	4109
1480	4111
1501	4113
1513	4116
1497	4118
1472	4121
1450	4123
1453	4125
1468	4128
1485	4130
1499	4133
1490	4135
1453	4137
1425	4141
1407	4143
1422	4146
1447	4148
1469	4150
1484	4153
1481	4155
1474	4158
1448	4160
1432	4163
1436	4165
1460	4167
1468	4170
1474	4172
1474	4175
1459	4177
1432	4179
1420	4183
1436	4185
1495	4188
1535	4190
1518	4192
1494	4195
1486	4197
1469	4200
1449	4202
1441	4204
1442	4207
1442	4209
1442	4212
1456	4214
1477	4216
1462	4219
1438	4221
1435	4225
1456	4227
1472	4229
1481	4232
1475	4234
1460	4237
1432	4239
1405	4241
1399	4244
1436	4246
1473	4249
1496	4251
1505	4254
1492	4256
1447	4258
1406	4261
1396	4263
1425	4267
1456	4269
1481	4271
1495	4274
1499	4276
1478	4279
1429	4281
1397	4283
1418	4286
1460	4288
1467	4291
1456	4293
1450	4295
1442	4298
1417	4300
1412	4303
1429	4305
1461	4307
1479	4311
1480	4313
1478	4316
1475	4318
1456	4320
1430	4323
1427	4325
1439	4328
1451	4330
1466	4333
1470	4335
1464	4337
1440	4340
1430	4342
1444	4345
1482	4347
1504	4349
1501	4353
1488	4355
1492	4358
1488	4360
1485	4362
1485	4365
1487	4367
1488	4370
1481	4372
1469	4374
1459	4377
1433	4379
1414	4382
1434	4384
1478	4386
1497	4389
1505	4391
1506	4395
1498	4397
1482	4400
1453	4402
1437	4404
1447	4407
1463	4409
1471	4412
1479	4414
1485	4416
1488	4419
1482	4421
1471	4424
1479	4426
1488	4428
1484	4431
1474	4433
1463	4436
1455	4439
1435	4441
1433	4444
1481	4446
1526	4449
1529	4451
1528	4453
1523	4456
1496	4458
1452	4461
1431	4463
1448	4465
1470	4468
1465	4470
1465	4473
1470	4475
1474	4477
1474	4481
1471	4483
1468	4486
1485	4488
1491	4491
1499	4493
1518	4495
1521	4498
1489	4500
1480	4503
1494	4505
1513	4507
1518	4510
1527	4512
1524	4515
1504	4517
1469	4519
1471	4523
1492	4525
1529	4528
1564	4530
1575	4532
1549	4535
1532	4537
1497	4540
1456	4542
1446	4544
1465	4547
1495	4549
1504	4552
1498	4554
1500	4556
1484	4559
1462	4561
1449	4564
1457	4567
1463	4570
1472	4572
1492	4574
1500	4577
1466	4579
1420	4582
1411	4584
1447	4586
1464	4589
1466	4591
1483	4594
1535	4596
1545	4598
1479	4601
1451	4603
1465	4606
1488	4609
1497	4611
1493	4614
1487	4616
1473	4619
1451	4621
1445	4623
1474	4626
1513	4628
1520	4631
1530	4633
1533	4635
1531	4638
1502	4640
1458	4643
1444	4645
1462	4648
1473	4651
1492	4653
1523	4656
1529	4658
1511	4661
1516	4663
1539	4665
1540	4668
1514	4670
1495	4673
1492	4675
1490	4677
1463	4680
1451	4682
1457	4685
1484	4687
1524	4689
1557	4692
1555	4695
1539	4698
1516	4700
1494	4702
1484	4705
1500	4707
1532	4710
1569	4712
1591	4714
1573	4717
1536	4719
1491	4722
1464	4724
1490	4727
1534	4729
1570	4731
1563	4734
1554	4737
1541	4740
1529	4742
1529	4744
1552	4747
1555	4749
1539	4752
1518	4754
1508	4756
1491	4759
1478	4761
1487	4764
1513	4766
1525	4768
1527	4771
1531	4773
1521	4776
1494	4779
1447	4781
1423	4784
1446	4786
1504	4789
1532	4791
1529	4794
1517	4796
1502	4798
1464	4801
1438	4803
1447	4806
1480	4808
1507	4810
1532	4813
1556	4815
1555	4818
1526	4820
1510	4823
1521	4826
1537	4828
1541	4831
1556	4833
1578	4835
1567	4838
1519	4840
1489	4843
1482	4845
1525	4847
1567	4850
1588	4852
1612	4855
1639	4857
1620	4859
1562	4862
1536	4865
1535	4868
1534	4870
1527	4873
1522	4875
1511	4877
1508	4880
1533	4882
1551	4885
1562	4887
1574	4889
1580	4892
1584	4894
1591	4897
1564	4899
1515	4901
1488	4904
1491	4907
1509	4910
1523	4912
1521	4914
1517	4917
1508	4919
1489	4922
1494	4924
1518	4926
1543	4929
1550	4931
1546	4934
1543	4936
1544	4938
1530	4941
1511	4943
1500	4946
1494	4948
1501	4951
1510	4954
1517	4956
1535	4959
1528	4961
1503	4964
1522	4966
1584	4968
1603	4971
1584	4973
1571	4976
1561	4978
1527	4980
1495	4983
1482	4985
1490	4988
1511	4990
1539	4993
1575	4996
1609	4998
1590	5001
1538	5003
1516	5005
1532	5008
1540	5010
1550	5013
1569	5015
1584	5017
1561	5020
1537	5022
1539	5025
1559	5027
1568	5030
1566	5032
1552	5035
1533	5038
1495	5040
1463	5043
1455	5045
1470	5047
1495	5050
1511	5052
1522	5055
1518	5057
1497	5059
1483	5062
1504	5064
1547	5067
1560	5069
1555	5071
1565	5074
1567	5076
1536	5080
1493	5082
1468	5084
1482	5087
1520	5089
1545	5092
1544	5094
1526	5097
1497	5099
1449	5101
1421	5104
1423	5106
1445	5109
1458	5111
1465	5113
1469	5116
1473	5118
1443	5122
1442	5124
1480	5126
1500	5129
1482	5131
1475	5134
1475	5136
1463	5138
1446	5141
1437	5143
1452	5146
1481	5148
1496	5150
1508	5153
1540	5155
1560	5158
1509	5160
1467	5163
1436	5166
1450	5168
1474	5171
1495	5173
1528	5176
1557	5178
1534	5180
1494	5183
1477	5185
1493	5188
1514	5190
1521	5192
1519	5195
1525	5197
1516	5200
1498	5202
1487	5204
1492	5208
1491	5210
1486	5213
1488	5215
1489	5217
1485	5220
1483	5222
1477	5225
1483	5227
1495	5229
1513	5232
1530	5234
1530	5237
1497	5239
1446	5241
1420	5244
1443	5246
1484	5250
1515	5252
1535	5254
1522	5257
1514	5259
1498	5262
1478	5264
1488	5267
1528	5269
1544	5271
1535	5274
1511	5276
1492	5279
1463	5281
1459	5283
1487	5286
1515	5288
1527	5292
1539	5294
1543	5296
1524	5299
1487	5301
1462	5304
1459	5306
1477	5308
1499	5311
1529	5313
1544	5316
1544	5318
1511	5320
1477	5323
1473	5325
1489	5328
1494	5330
1495	5332
1509	5336
1522	5338
1493	5341
1464	5343
1446	5345
1456	5348
1461	5350
1455	5353
1463	5355
1477	5358
1448	5360
1413	5362
1398	5365
1400	5367
1409	5370
1410	5372
1408	5374
1410	5378
1403	5380
1397	5383
1406	5385
1429	5387
1457	5390
1469	5392
1479	5395
1492	5397
1488	5399
1478	5402
1480	5404
1498	5407
1512	5409
1514	5411
1525	5414
1528	5416
1518	5420
1505	5422
1500	5424
1503	5427
1511	5429
1511	5432
1516	5434
1519	5437
1516	5439
1510	5441
1518	5444
1521	5446
1526	5449
1536	5451
1547	5453
1546	5456
1529	5458
1495	5462
1478	5464
1496	5466
1533	5469
1542	5471
1546	5474
1545	5476
1533	5478
1494	5481
1468	5483
1485	5486
1524	5488
1541	5490
1545	5493
1538	5495
1521	5498
1496	5500
1482	5502
1495	5506
1522	5508
1523	5511
1517	5513
1524	5515
1536	5518
1507	5520
1471	5523
1443	5525
1450	5528
1473	5530
1497	5532
1504	5535
1499	5537
1468	5540
1445	5542
1441	5544
1462	5548
1497	5550
1526	5553
1527	5555
1515	5557
1491	5560
1469	5562
1470	5565
1490	5567
1530	5569
1548	5572
1548	5574
1536	5577
1508	5579
1471	5581
1466	5584
1499	5586
1544	5590
1558	5592
1556	5595
1553	5597
1544	5599
1510	5602
1489	5604
1501	5607
1521	5609
1531	5611
1543	5614
1555	5616
1553	5619
1523	5621
1500	5623
1492	5626
1504	5628
1522	5632
1545	5634
1553	5636
1542	5639
1525	5641
1520	5644
1507	5646
1511	5648
1512	5651
1506	5653
1508	5656
1510	5658
1490	5660
1477	5663
1486	5665
1521	5668
1556	5670
1578	5673
1579	5676
1570	5678
1519	5681
1487	5683
1477	5686
1507	5688
1530	5690
1540	5693
1542	5695
1545	5698
1525	5700
1504	5702
1503	5705
1538	5707
1584	5710
1595	5712
1569	5714
1539	5718
1512	5720
1498	5723
1510	5725
1554	5727
1578	5730
1567	5732
1548	5735
1546	5737
1569	5740
1594	5742
1586	5744
1558	5747
1553	5749
1559	5752
1583	5754
1594	5756
1566	5760
1523	5762
1507	5765
1509	5767
1512	5769
1513	5772
1536	5774
1566	5777
1553	5779
1507	5781
1490	5784
1495	5786
1494	5789
1484	5791
1476	5793
1473	5796
1482	5798
1472	5801
1453	5804
1449	5806
1466	5809
1474	5811
1470	5814
1482	5816
1495	5818
1477	5821
1437	5823
1428	5826
1463	5828
1490	5831
1496	5833
1517	5835
1531	5838
1503	5840
1464	5843
1466	5846
1491	5848
1508	5851
1531	5853
1539	5856
1532	5858
1510	5860
1512	5863
1528	5865
1540	5868
1526	5870
1508	5872
1495	5875
1504	5877
1506	5880
1488	5882
1480	5884
1499	5888
1508	5890
1497	5893
1488	5895
1476	5897
1462	5900
1457	5902
1466	5905
1482	5907
1486	5910
1478	5912
1468	5914
1459	5917
1446	5919
1411	5922
1389	5924
1398	5926
1420	5929
1421	5932
1416	5935
1415	5937
1416	5939
1394	5942
1374	5944
1383	5947
1423	5949
1454	5951
1456	5954
1446	5956
1424	5959
1388	5961
1369	5963
1378	5966
1408	5968
1428	5971
1442	5974
1448	5977
1441	5979
1407	5981
1382	5984
1383	5986
1413	5989
1448	5991
1479	5993
1493	5996
1491	5998
1477	6001
1458	6003
1441	6005
1451	6008
1474	6010
1486	6013
1492	6016
1507	6018
1508	6021
1491	6023
1489	6026
1507	6028
1519	6030
1511	6033
1512	6035
1514	6038
1498	6040
1467	6042
1457	6045
1487	6047
1538	6050
1543	6052
1519	6055
1501	6057
1484	6060
1459	6063
1448	6065
1474	6068
1503	6070
1536	6072
1555	6075
1551	6077
1514	6080
1470	6082
1454	6084
1473	6087
1493	6089
1495	6092
1487	6094
1467	6096
1451	6099
1442	6102
1451	6105
1453	6107
1465	6109
1482	6112
1515	6114
1531	6117
1515	6119
1463	6122
1426	6124
1426	6126
1451	6129
1478	6131
1517	6134
1561	6136
1581	6138
1550	6141
1502	6144
1482	6147
1509	6149
1520	6151
1507	6154
1494	6156
1485	6159
1461	6161
1452	6163
1469	6166
1495	6168
1519	6171
1535	6173
1565	6175
1580	6178
1529	6180
1472	6183
1442	6185
1454	6189
1502	6191
1521	6193
1493	6196
1479	6198
1485	6201
1484	6203
1466	6205
1467	6208
1483	6210
1494	6213
1497	6215
1495	6217
1478	6220
1442	6222
1432	6225
1460	6227
1482	6230
1496	6233
1510	6235
1510	6238
1488	6240
1455	6242
1439	6245
1439	6247
1453	6250
1466	6252
1474	6255
1473	6257
1461	6259
1434	6262
1421	6264
1439	6267
1480	6269
1497	6272
1496	6275
1494	6277
1491	6280
1461	6282
1442	6284
1455	6287
1486	6289
1496	6292
1506	6294
1512	6296
1509	6299
1490	6301
1466	6304
1453	6306
1471	6308
1502	6311
1529	6313
1538	6317
1544	6319
1514	6322
1478	6324
1454	6326
1464	6329
1475	6331
1482	6334
1484	6336
1476	6338
1451	6341
1440	6343
1447	6346
1485	6348
1508	6350
1509	6353
1511	6355
1505	6359
1461	6361
1416	6363
1401	6366
1432	6368
1454	6371
1465	6373
1480	6375
1497	6378
1483	6380
1441	6383
1423	6385
1450	6388
1472	6390
1475	6392
1487	6395
1506	6397
1537	6401
1534	6403
1493	6405
1472	6408
1489	6410
1504	6413
1521	6415
1539	6417
1521	6420
1474	6422
1464	6425
1490	6427
1514	6429
1507	6432
1502	6434
1510	6437
1525	6439
1523	6441
1519	6445
1494	6447
1494	6450
1526	6452
1557	6454
1551	6457
1533	6459
1497	6462
1474	6464
1477	6466
1501	6469
1501	6471
1494	6474
1498	6476
1501	6479
1484	6481
1477	6483
1485	6487
1524	6489
1533	6492
1536	6494
1543	6496
1539	6499
1504	6501
1488	6504
1506	6506
1553	6508
1568	6511
1550	6513
1527	6516
1522	6518
1508	6520
1474	6523
1438	6525
1436	6529
1450	6531
1467	6533
1498	6536
1516	6538
1493	6541
1449	6543
1442	6545
1446	6548
1448	6550
1446	6553
1445	6555
1436	6557
1411	6560
1375	6562
1356	6565
1362	6567
1380	6571
1392	6573
1402	6575
1403	6578
1398	6580
1394	6583
1404	6585
1425	6587
1469	6590
1504	6592
1510	6595
1488	6597
1463	6599
1426	6602
1402	6604
1397	6607
1403	6609
1417	6611
1474	6615
1520	6617
1521	6620
1460	6622
1412	6624
1410	6627
1439	6629
1456	6632
1448	6634
1439	6636
1443	6639
1456	6641
1457	6644
1433	6646
1446	6648
1470	6651
1484	6653
1497	6657
1497	6659
1467	6662
1464	6664
1497	6666
1532	6669
1530	6671
1500	6674
1479	6676
1480	6678
1488	6681
1487	6683
1495	6686
1528	6688
1539	6690
1532	6693
1542	6695
1563	6699
1566	6701
1513	6703
1472	6706
1473	6708
1506	6711
1542	6713
1554	6715
1553	6718
1544	6720
1508	6723
1482	6725
1480	6727
1487	6730
1489	6732
1500	6735
1543	6737
1578	6740
1546	6743
1524	6745
1555	6748
1590	6750
1596	6753
1593	6755
1590	6757
1606	6760
1594	6762
1580	6765
1593	6767
1603	6769
1567	6772
1548	6774
1556	6777
1576	6779
1570	6781
1569	6785
1577	6787
1612	6790
1623	6792
1590	6794
1567	6797
1595	6799
1634	6802
1614	6804
1572	6807
1571	6809
1605	6811
1650	6814
1659	6816
1627	6819
1589	6821
1531	6823
1489	6827
1530	6829
1601	6832
1593	6834
1540	6836
1521	6839
1527	6841
1513	6844
1469	6846
1447	6848
1466	6851
1468	6853
1466	6856
1480	6858
1464	6860
1432	6863
1436	6865
1463	6868
1475	6871
1451	6873
1426	6876
1428	6878
1444	6881
1439	6883
1417	6886
1409	6888
1418	6890
1441	6893
1446	6895
1431	6898
1397	6900
1354	6902
1354	6905
1402	6907
1445	6910
1436	6913
1432	6915
1454	6918
1448	6920
1387	6923
1341	6925
1336	6927
1357	6930
1374	6932
1388	6935
1406	6937
1431	6939
1436	6942
1402	6944
1381	6947
1421	6949
1461	6951
1467	6955
1447	6957
1422	6960
1390	6962
1362	6965
1349	6967
1371	6969
1416	6972
1461	6974
1489	6977
1500	6979
1479	6981
1415	6984
1381	6986
1405	6989
1446	6991
1469	6993
1476	6996
1466	6999
1430	7002
1403	7004
1429	7006
1494	7009
1521	7011
1507	7014
1493	7016
1476	7018
1462	7021
1453	7023
1484	7026
1552	7028
1583	7030
1557	7033
1560	7035
1562	7038
1531	7041
1500	7044
1512	7046
1529	7048
1526	7051
1518	7053
1543	7056
1580	7058
1589	7060
1561	7063
1545	7065
1537	7068
1516	7070
1506	7072
1507	7075
1504	7077
1486	7080
1442	7083
1455	7085
1507	7088
1517	7090
1484	7093
1475	7095
1478	7097
1515	7100
1524	7102
1483	7105
1452	7107
1472	7110
1500	7112
1531	7114
1568	7117
1571	7119
1511	7122
1444	7124
1431	7127
1478	7130
1518	7132
1529	7135
1548	7137
1538	7139
1497	7142
1438	7144
1411	7147
1439	7149
1474	7151
1482	7154
1465	7156
1454	7159
1434	7161
1415	7163
1406	7166
1442	7169
1487	7172
1505	7174
1523	7177
1531	7179
1501	7181
1447	7184
1421	7186
1432	7189
1474	7191
1506	7193
1514	7196
1523	7198
1524	7201
1482	7203
1438	7205
1431	7208
1440	7211
1454	7214
1472	7216
1474	7218
1456	7221
1432	7223
1444	7226
1467	7228
1468	7230
1455	7233
1453	7235
1463	7238
1483	7240
1478	7242
1450	7245
1429	7247
1445	7250
1458	7252
1460	7256
1457	7258
1466	7260
1459	7263
1435	7265
1436	7268
1475	7270
1509	7272
1540	7275
1565	7277
1560	7280
1518	7282
1480	7284
1469	7287
1508	7289
1549	7292
1548	7294
1519	7297
1500	7300
1481	7302
1452	7305
1440	7307
1465	7309
1488	7312
1486	7314
1491	7317
1500	7319
1474	7322
1438	7324
1413	7326
1420	7329
1445	7331
1463	7334
1480	7336
1491	7339
1474	7342
1440	7344
1424	7347
1425	7349
1437	7351
1453	7354
1507	7356
1558	7359
1543	7361
1483	7363
1450	7366
1464	7368
1488	7371
1505	7373
1510	7375
1517	7378
1532	7380
1532	7384
1533	7386
1546	7389
1552	7391
1551	7393
1560	7396
1582	7398
1591	7401
1548	7403
1520	7405
1538	7408
1558	7410
1542	7413
1526	7415
1516	7417
1521	7420
1536	7422
1542	7426
1501	7428
1469	7430
1455	7433
1469	7435
1493	7438
1488	7440
1431	7442
1393	7445
1391	7447
1419	7450
1442	7452
1463	7455
1483	7457
1477	7459
1455	7462
1431	7464
1448	7468
1510	7470
1546	7472
1545	7475
1553	7477
1543	7480
1517	7482
1522	7484
1531	7487
1527	7489
1534	7492
1539	7494
1544	7496
1556	7499
1546	7501
1507	7504
1492	7506
1509	7508
1527	7512
1507	7514
1490	7517
1507	7519
1533	7522
1502	7524
1457	7526
1456	7529
1474	7531
1488	7534
1519	7536
1532	7538
1505	7541
1442	7543
1418	7546
1439	7548
1474	7550
1503	7554
1528	7556
1531	7559
1484	7561
1425	7563
1399	7566
1413	7568
1455	7571
1495	7573
1506	7575
1492	7578
1467	7580
1451	7583
1432	7585
1407	7588
1421	7590
1442	7592
1466	7596
1492	7598
1512	7601
1499	7603
1458	7605
1444	7608
1477	7610
1525	7613
1550	7615
1532	7617
1502	7620
1460	7622
1432	7625
1419	7627
1437	7629
1461	7632
1475	7634
1493	7638
1508	7640
1489	7642
1469	7645
1466	7647
1472	7650
1484	7652
1515	7655
1544	7657
1535	7659
1512	7662
1494	7664
1497	7667
1512	7669
1523	7671
1510	7674
1492	7676
1475	7680
1451	7682
1435	7684
1449	7687
1483	7689
1516	7692
1525	7694
1529	7696
1515	7699
1492	7701
1465	7704
1454	7706
1467	7708
1504	7711
1553	7713
1586	7716
1597	7718
1604	7720
1592	7724
1542	7726
1502	7729
1501	7731
1519	7734
1550	7736
1580	7738
1594	7741
1576	7743
1548	7746
1546	7748
1569	7750
1551	7753
1524	7755
1512	7758
1496	7760
1463	7762
1425	7766
1435	7768
1480	7771
1493	7773
1482	7775
1477	7778
1456	7780
1413	7783
1391	7785
1397	7788
1433	7790
1449	7792
1455	7795
1464	7797
1495	7800
1511	7802
1491	7804
1483	7808
1509	7810
1542	7813
1543	7815
1524	7817
1503	7820
1495	7822
1497	7825
1491	7827
1476	7829
1472	7832
1485	7834
1512	7837
1527	7839
1521	7841
1499	7844
1480	7846
1494	7849
1514	7852
1510	7855
1501	7857
1490	7859
1469	7862
1438	7864
1427	7867
1431	7869
1440	7871
1451	7874
1459	7876
1457	7879
1444	7881
1422	7883
1433	7886
1455	7888
1465	7891
1473	7894
1480	7896
1482	7899
1470	7901
1419	7904
1397	7906
1431	7908
1492	7911
1510	7913
1505	7916
1511	7918
1503	7920
1472	7923
1439	7925
1435	7928
1464	7930
1489	7933
1495	7936
1488	7938
1478	7941
1462	7943
1470	7946
1481	7948
1503	7950
1524	7953
1529	7955
1519	7958
1519	7960
1509	7962
1507	7965
1533	7967
1559	7970
1559	7972
1526	7974
1498	7977
1487	7980
1494	7983
1478	7985
1452	7987
1466	7990
1493	7992
1536	7995
1573	7997
1567	8000
1508	8002
1451	8004
1426	8007
1436	8009
1473	8012
1537	8014
1592	8016
1622	8019
1578	8022
1523	8025
1525	8027
1587	8029
1637	8032
1630	8034
1607	8037
1602	8039
1633	8041
1624	8044
1576	8046
1550	8049
1544	8051
1532	8053
1542	8056
1545	8058
1523	8061
1477	8064
1459	8066
1475	8069
1523	8071
1538	8074
1513	8076
1473	8078
1433	8081
1400	8083
1394	8086
1427	8088
1466	8090
1480	8093
1501	8095
1525	8098
1517	8100
1456	8103
1418	8105
1410	8108
1474	8111
1522	8113
1500	8116
1466	8118
1442	8120
1404	8123
1365	8125
1343	8128
1346	8130
1361	8132
1373	8135
1386	8137
1390	8140
1382	8142
1385	8144
1400	8147
1411	8150
1418	8153
1422	8155
1426	8157
1435	8160
1440	8162
1431	8165
1419	8167
1426	8169
1437	8172
1442	8174
1428	8177
1426	8179
1426	8181
1410	8184
1417	8186
1443	8189
1455	8192
1457	8195
1482	8197
1504	8199
1498	8202
1463	8204
1425	8207
1403	8209
1406	8211
1419	8214
1433	8216
1453	8219
1470	8221
1452	8223
1430	8226
1433	8228
1457	8231
1459	8233
1443	8236
1428	8239
1424	8241
1417	8244
1412	8246
1408	8248
1439	8251
1489	8253
1520	8256
1505	8258
1466	8261
1425	8263
1392	8265
1402	8268
1453	8270
1484	8273
1480	8275
1496	8278
1535	8281
1520	8283
1479	8286
1444	8288
1448	8290
1471	8293
1518	8295
1564	8298
1553	8300
1508	8302
1463	8305
1447	8307
1454	8310
1478	8312
1484	8314
1476	8317
1479	8320
1481	8323
1475	8325
1469	8327
1476	8330
1497	8332
1515	8335
1515	8337
1528	8340
1542	8342
1510	8344
1468	8347
1471	8349
1498	8352
1500	8354
1491	8356
1484	8359
1476	8361
1451	8365
1450	8367
1470	8369
1488	8372
1490	8374
1497	8377
1507	8379
1507	8381
1488	8384
1480	8386
1484	8389
1501	8391
1520	8393
1536	8396
1550	8398
1583	8401
1586	8403
1555	8406
1539	8409
1563	8411
1568	8414
1555	8416
1554	8419
1548	8421
1537	8423
1548	8426
1564	8428
1576	8431
1567	8433
1535	8435
1513	8438
1511	8440
1502	8443
1497	8445
1504	8448
1526	8451
1549	8453
1564	8456
1583	8458
1572	8460
1529	8463
1471	8465
1475	8468
1528	8470
1555	8472
1520	8475
1507	8477
1521	8480
1531	8482
1494	8484
1453	8487
1446	8489
1464	8493
1472	8495
1471	8498
1516	8500
1570	8502
1531	8505
1455	8507
1433	8510
1456	8512
1496	8514
1504	8517
1492	8519
1480	8522
1436	8524
1403	8526
1411	8529
1460	8531
1488	8535
1484	8537
1467	8539
1471	8542
1468	8544
1477	8547
1485	8549
1483	8551
1484	8554
1517	8556
1561	8559
1593	8561
1524	8563
1456	8566
1434	8568
1454	8571
1468	8573
1473	8577
1485	8579
1496	8581
1494	8584
1464	8586
1438	8589
1461	8591
1488	8593
1484	8596
1471	8598
1447	8601
1418	8603
1395	8605
1400	8608
1419	8610
1425	8613
1421	8615
1420	8617
1432	8621
1480	8623
1523	8626
1509	8628
1472	8630
1457	8633
1446	8635
1450	8638
1465	8640
1464	8643
1436	8645
1421	8647
1437	8650
1484	8652
1541	8655
1569	8657
1551	8659
1522	8663
1485	8665
1461	8668
1475	8670
1504	8672
1529	8675
1549	8677
1571	8680
1572	8682
1528	8684
1501	8687
1491	8689
1496	8692
1499	8694
1499	8696
1501	8699
1505	8701
1475	8705
1444	8707
1447	8709
1484	8712
1522	8714
1552	8717
1558	8719
1538	8722
1493	8724
1454	8726
1430	8729
1436	8731
1473	8734
1523	8736
1548	8738
1554	8741
1541	8743
1516	8747
1497	8749
1510	8751
1519	8754
1510	8756
1517	8759
1555	8761
1578	8763
1560	8766
1523	8768
1527	8771
1561	8773
1593	8775
1588	8778
1552	8780
1508	8783
1469	8785
1456	8788
1464	8791
1485	8793
1503	8796
1524	8798
1535	8801
1520	8803
1478	8805
1456	8808
1454	8810
1465	8813
1471	8815
1475	8817
1497	8820
1532	8822
1519	8825
1479	8827
1475	8829
1487	8833
1506	8835
1519	8838
1517	8840
1506	8842
1469	8845
1438	8847
1433	8850
1450	8852
1469	8855
1488	8857
1505	8859
1495	8862
1444	8864
1415	8867
1430	8869
1476	8871
1516	8875
1531	8877
1525	8880
1500	8882
1467	8884
1451	8887
1465	8889
1492	8892
1497	8894
1494	8896
1501	8899
1512	8901
1507	8904
1489	8906
1490	8908
1526	8911
1538	8913
1507	8916
1487	8919
1497	8921
1496	8924
1472	8926
1453	8929
1467	8931
1489	8934
1494	8936
1496	8938
1498	8941
1491	8943
1488	8946
1493	8948
1484	8950
1496	8953
1505	8955
1497	8958
1489	8961
1473	8963
1436	8966
1420	8968
1432	8971
1463	8973
1478	8975
1474	8978
1465	8980
1455	8983
1435	8985
1438	8987
1462	8990
1480	8992
1488	8995
1499	8997
1514	8999
1527	9003
1498	9005
1461	9008
1454	9010
1472	9013
1480	9015
1491	9017
1505	9020
1512	9022
1477	9025
1446	9027
1451	9029
1477	9032
1488	9034
1497	9037
1511	9039
1511	9041
1469	9044
1445	9047
1473	9050
1515	9052
1511	9054
1503	9057
1499	9059
1495	9062
1475	9064
1457	9066
1468	9069
1504	9071
1518	9074
1524	9076
1534	9079
1529	9081
1505	9083
1469	9086
1464	9089
1490	9092
1517	9094
1534	9096
1541	9099
1547	9101
1536	9104
1516	9106
1523	9108
1560	9111
1572	9113
1553	9116
1541	9118
1535	9120
1518	9123
1491	9125
1485	9128
1500	9131
1518	9133
1519	9136
1514	9138
1522	9141
1518	9143
1475	9146
1446	9148
1446	9150
1448	9153
1435	9155
1423	9158
1425	9160
1432	9162
1419	9165
1430	9167
1458	9170
1470	9172
1455	9175
1450	9178
1442	9180
1426	9183
1395	9185
1384	9187
1399	9190
1427	9192
1454	9195
1478	9197
1489	9199
1490	9202
1474	9204
1468	9207
1496	9209
1531	9212
1516	9214
1497	9217
1494	9220
1504	9222
1497	9225
1466	9227
1445	9229
1467	9232
1488	9234
1498	9237
1524	9239
1544	9241
1505	9244
1468	9246
1447	9249
1459	9251
1471	9253
1468	9256
1472	9259
1473	9262
1450	9264
1422	9266
1415	9269
1437	9271
1470	9274
1472	9276
1460	9278
1460	9281
1451	9283
1425	9286
1426	9288
1455	9291
1499	9293
1515	9295
1510	9298
1496	9300
1489	9304
1455	9306
1422	9308
1419	9311
1435	9313
1470	9316
1501	9318
1505	9320
1484	9323
1441	9325
1415	9328
1425	9330
1470	9332
1500	9335
1499	9337
1488	9340
1485	9342
1457	9345
1439	9348
1439	9350
1456	9353
1461	9355
1463	9358
1466	9360
1471	9362
1448	9365
1423	9367
1430	9370
1473	9372
1507	9374
1506	9377
1504	9379
1503	9382
1464	9384
1421	9387
1428	9390
1474	9392
1490	9395
1481	9397
1464	9399
1454	9402
1447	9404
1442	9407
1438	9409
1444	9411
1458	9414
1472	9416
1495	9419
1530	9421
1529	9423
1479	9426
1453	9428
1460	9432
1499	9434
1520	9437
1505	9439
1473	9441
1444	9444
1422	9446
1417	9449
1425	9451
1447	9453
1473	9456
1489	9458
1488	9461
1472	9463
1447	9465
1460	9468
1500	9470
1522	9474
1517	9476
1499	9478
1491	9481
1492	9483
1465	9486
1436	9488
1437	9490
1469	9493
1492	9495
1499	9498
1506	9500
1516	9503
1494	9505
1466	9507
1458	9510
1479	9512
1509	9516
1531	9518
1530	9520
1514	9523
1480	9525
1457	9528
1471	9530
1505	9532
1521	9535
1533	9537
1541	9540
1539	9542
1514	9544
1481	9547
1468	9549
1504	9552
1546	9554
1563	9556
1561	9560
1542	9562
1494	9565
1458	9567
1429	9570
1438	9572
1471	9574
1504	9577
1523	9579
1529	9582
1511	9584
1471	9586
1460	9589
1494	9591
1529	9594
1513	9596
1483	9598
1464	9602
1475	9604
1487	9607
1481	9609
1477	9611
1493	9614
1517	9616
1547	9619
1555	9621
1537	9623
1495	9626
1487	9628
1522	9631
1546	9633
1540	9636
1538	9638
1554	9640
1562	9644
1532	9646
1506	9649
1493	9651
1508	9653
1521	9656
1524	9658
1515	9661
1500	9663
1463	9665
1442	9668
1448	9670
1472	9673
1492	9675
1508	9677
1508	9680
1490	9682
1452	9686
1437	9688
1450	9690
1472	9693
1477	9695
1474	9698
1469	9700
1467	9702
1454	9705
1444	9707
1442	9710
1460	9712
1476	9714
1475	9717
1461	9719
1436	9722
1401	9724
1383	9728
1408	9730
1478	9732
1506	9735
1482	9737
1483	9740
1486	9742
1446	9744
1397	9747
1384	9749
1401	9752
1427	9754
1430	9756
1444	9759
1476	9761
1472	9764
1425	9766
1419	9768
1446	9772
1474	9774
1474	9777
1468	9779
1475	9781
1483	9784
1467	9786
1466	9789
1475	9791
1477	9794
1475	9796
1466	9798
1456	9801
1457	9803
1459	9806
1478	9808
1489	9810
1486	9814
1469	9816
1464	9819
1469	9821
1478	9823
1471	9826
1469	9828
1472	9831
1489	9833
1499	9835
1498	9838
1492	9840
1478	9843
1455	9845
1457	9847
1494	9850
1538	9852
1539	9856
1516	9858
1491	9861
1474	9863
1450	9865
1423	9868
1415	9870
1434	9873
1448	9875
1455	9877
1458	9880
1454	9882
1439	9885
1434	9887
1461	9889
1493	9892
1474	9894
1445	9897
1423	9900
1409	9902
1380	9905
1344	9907
1335	9910
1358	9912
1384	9914
1385	9917
1384	9919
1393	9922
1396	9924
1379	9926
1368	9929
1374	9931
1387	9934
1393	9936
1405	9939
1425	9942
1418	9944
1378	9947
1364	9949
1389	9952
1418	9954
1438	9956
1454	9959
1477	9961
1478	9964
1438	9966
1421	9968
1452	9971
1497	9973
1518	9976
1527	9978
1525	9980
1493	9984
1452	9986
1430	9989
1429	9991
1451	9993
1474	9996
1485	9998
1482	10001
1480	10003
1467	10006
1457	10008
1459	10011
1468	10013
1468	10015
1458	10018
1447	10020
1447	10023
1425	10025
1415	10029
1444	10031
1487	10034
1486	10036
1480	10039
1485	10041
1478	10043
1444	10046
1419	10048
1417	10051
1439	10053
1471	10056
1516	10058
1543	10061
1526	10063
1473	10066
1441	10068
1428	10071
1436	10074
1446	10076
1451	10079
1446	10081
1444	10084
1424	10086
1409	10089
1421	10091
1445	10094
1475	10096
1490	10099
1483	10101
1477	10103
1449	10106
1425	10108
1430	10112
1454	10114
1470	10117
1482	10119
1493	10122
1501	10124
1491	10127
1474	10129
1463	10131
1470	10134
1483	10136
1502	10139
1506	10141
1492	10144
1464	10146
1444	10149
1444	10151
1461	10155
1473	10157
1475	10159
1470	10162
1457	10164
1429	10167
1429	10169
1457	10172
1469	10174
1467	10177
1464	10179
1456	10182
1437	10184
1419	10187
1421	10189
1435	10191
1461	10194
1476	10196
1475	10200
1479	10202
1471	10205
1423	10207
1389	10210
1392	10212
1409	10215
1411	10217
1420	10219
1434	10222
1434	10224
1409	10227
1404	10229
1419	10232
1438	10234
1452	10237
1465	10240
1465	10243
1449	10245
1432	10247
1426	10250
1433	10252
1439	10255
1437	10257
1449	10260
1460	10262
1441	10265
1414	10267
1421	10270
1478	10272
1523	10275
1513	10277
1489	10279
1472	10283
1447	10285
1424	10288
1430	10290
1469	10293
1500	10295
1496	10298
1499	10300
1514	10303
1504	10305
1474	10307
1453	10310
1454	10312
1456	10315
1459	10317
1481	10320
1495	10322
1466	10326
1438	10328
1440	10331
1463	10333
1462	10335
1446	10338
1436	10340
1427	10343
1404	10345
1406	10348
1434	10350
1460	10353
1455	10355
1442	10358
1439	10360
1450	10362
1447	10365
1428	10368
1420	10371
1451	10373
1495	10376
1545	10378
1537	10381
1506	10383
1462	10386
1426	10388
1449	10391
1518	10393
1539	10395
1527	10398
1520	10400
1513	10403
1496	10405
1485	10408
1483	10411
1508	10414
1529	10416
1532	10419
1517	10421
1496	10423
1463	10426
1437	10428
1435	10431
1460	10433
1478	10436
1491	10438
1506	10441
1508	10443
1479	10446
1459	10448
1464	10450
1488	10454
1494	10456
1493	10459
1495	10461
1490	10464
1471	10466
1460	10469
1455	10471
1475	10474
1485	10476
1476	10479
1474	10481
1480	10483
1457	10486
1424	10488
1416	10491
1448	10493
1488	10497
1499	10499
1474	10502
1453	10504
1425	10507
1415	10509
1430	10511
1461	10514
1470	10516
1469	10519
1461	10521
1444	10524
1413	10526
1402	10529
1437	10531
1497	10534
1514	10536
1491	10539
1484	10542
1483	10544
1451	10547
1431	10549
1436	10552
1453	10554
1455	10557
1455	10559
1456	10562
1464	10564
1454	10566
1441	10569
1437	10571
1454	10574
1465	10576
1483	10579
1490	10582
1467	10585
1428	10587
1417	10590
1423	10592
1445	10595
1463	10597
1470	10599
1483	10602
1502	10604
1476	10607
1435	10609
1430	10612
1463	10614
1487	10617
1490	10619
1491	10622
1489	10625
1477	10627
1474	10630
1482	10632
1498	10635
1510	10637
1530	10640
1544	10642
1526	10645
1498	10647
1495	10650
1505	10652
1511	10654
1523	10657
1542	10659
1546	10662
1536	10664
1514	10668
1490	10670
1475	10673
1491	10675
1500	10678
1492	10680
1472	10682
1471	10685
1459	10687
1441	10690
1440	10692
1460	10695
1467	10697
1469	10700
1467	10702
1450	10705
1420	10707
1412	10711
1424	10713
1435	10715
1441	10718
1462	10720
1501	10723
1514	10725
1497	10728
1504	10730
1543	10733
1550	10735
1535	10738
1522	10740
1518	10742
1490	10745
1460	10747
1459	10750
1494	10753
1538	10756
1552	10758
1550	10761
1560	10763
1551	10766
1502	10768
1468	10770
1470	10773
1489	10775
1502	10778
1513	10780
1527	10783
1526	10785
1516	10788
1513	10790
1501	10793
1482	10796
1468	10799
1470	10801
1489	10803
1490	10806
1472	10808
1457	10811
1479	10813
1514	10816
1539	10818
1540	10821
1543	10823
1519	10826
1464	10828
1442	10830
1467	10833
1483	10835
1490	10839
1508	10841
1512	10844
1474	10846
1436	10849
1441	10851
1481	10854
1509	10856
1515	10858
1515	10861
1508	10863
1498	10866
1482	10868
1465	10871
1484	10873
1513	10876
1546	10878
1572	10882
1566	10884
1526	10887
1518	10889
1535	10891
1558	10894
1568	10896
1548	10899
1509	10901
1517	10904
1542	10906
1530	10909
1483	10911
1466	10914
1481	10916
1534	10918
1573	10921
1556	10924
1514	10927
1490	10929
1487	10932
1492	10934
1482	10937
1479	10939
1502	10942
1500	10944
1439	10946
1387	10949
1370	10951
1385	10954
1402	10956
1427	10959
1462	10961
1480	10964
1454	10967
1414	10970
1396	10972
1413	10974
1430	10977
1437	10979
1437	10982
1431	10984
1397	10987
1373	10989
1381	10992
1407	10994
1421	10997
1429	10999
1435	11002
1432	11004
1405	11006
1398	11010
1415	11012
1439	11015
1452	11017
1484	11020
1529	11022
1538	11025
1480	11027
1448	11030
1436	11032
1451	11034
1461	11037
1461	11039
1470	11042
1494	11044
1485	11047
1451	11049
1431	11053
1448	11055
1463	11058
1464	11060
1460	11062
1456	11065
1433	11067
1426	11070
1440	11072
1464	11075
1476	11077
1473	11080
1469	11082
1467	11085
1450	11087
1443	11090
1461	11092
1488	11095
1501	11098
1529	11100
1558	11103
1572	11105
1534	11108
1497	11110
1505	11113
1539	11115
1553	11118
1543	11120
1535	11122
1527	11125
1493	11127
1479	11130
1495	11132
1517	11136
1527	11138
1546	11141
1553	11143
1538	11146
1501	11148
1487	11150
1481	11153
1491	11155
1502	11158
1515	11160
1510	11163
1486	11165
1444	11168
1421	11170
1432	11173
1466	11175
1485	11179
1491	11181
1489	11183
1471	11186
1432	11188
1414	11191
1428	11193
1453	11196
1476	11198
1499	11201
1516	11203
1512	11206
1483	11208
1456	11210
1464	11213
1489	11215
1496	11218
1492	11220
1484	11224
1481	11226
1473	11229
1477	11231
1478	11234
1478	11236
1467	11238
1460	11241
1467	11243
1482	11246
1481	11248
1467	11251
1473	11253
1499	11256
1513	11258
1506	11261
1494	11264
1489	11267
1472	11269
1461	11271
1503	11274
1558	11276
1559	11279
1519	11281
1487	11284
1447	11286
1425	11289
1433	11291
1464	11294
1475	11296
1467	11298
1457	11301
1464	11303
1469	11307
1454	11309
1424	11312
1432	11314
1455	11317
1477	11319
1507	11322
1546	11324
1546	11326
1527	11329
1504	11331
1489	11334
1491	11336
1512	11339
1523	11341
1504	11344
1464	11346
1446	11350
1474	11352
1511	11354
1499	11357
1480	11359
1474	11362
1477	11364
1460	11367
1444	11369
1453	11372
1469	11374
1478	11377
1482	11379
1483	11382
1490	11384
1476	11386
1443	11389
1429	11392
1460	11395
1507	11397
1535	11400
1529	11402
1505	11405
1467	11407
1450	11410
1459	11412
1503	11414
1530	11417
1538	11419
1542	11422
1550	11424
1546	11427
1549	11429
1563	11432
1548	11435
1511	11438
1487	11440
1497	11442
1530	11445
1519	11447
1465	11450
1443	11452
1466	11455
1491	11457
1513	11460
1530	11462
1526	11465
1475	11467
1430	11470
1435	11472
1481	11474
1504	11478
1493	11480
1477	11483
1482	11485
1493	11488
1491	11490
1466	11493
1450	11495
1448	11498
1477	11500
1505	11502
1530	11505
1499	11507
1440	11510
1395	11512
1396	11515
1400	11517
1417	11521
1476	11523
1522	11526
1474	11528
1424	11530
1410	11533
1419	11535
1417	11538
1411	11540
1406	11543
1411	11545
1405	11548
1406	11550
1412	11553
1432	11555
1454	11558
1469	11560
1477	11563
1487	11566
1459	11568
1438	11571
1450	11573
1458	11576
1451	11578
1460	11581
1475	11583
1489	11586
1469	11588
1439	11590
1443	11593
1458	11595
1454	11598
1441	11600
1445	11603
1458	11606
1431	11609
1410	11611
1419	11614
1437	11616
1446	11618
1457	11621
1470	11623
1457	11626
1421	11628
1401	11631
1414	11633
1441	11636
1454	11638
1460	11641
1468	11643
1469	11645
1477	11649
1498	11651
1511	11654
1518	11656
1527	11659
1539	11661
1536	11664
1520	11666
1489	11669
1461	11671
1459	11674
1476	11676
1488	11678
1487	11681
1503	11683
1500	11686
1475	11688
1459	11692
1477	11694
1495	11697
1486	11699
1488	11702
1498	11704
1483	11706
1451	11709
1441	11711
1453	11714
1467	11716
1464	11719
1471	11721
1485	11724
1477	11726
1461	11729
1471	11731
1506	11734
1525	11737
1522	11739
1506	11742
1479	11744
1446	11747
1412	11749
1400	11752
1422	11754
1453	11757
1478	11759
1489	11762
1498	11764
1486	11766
1452	11769
1427	11771
1446	11774
1474	11777
1473	11780
1456	11782
1448	11785
1427	11787
1403	11790
1419	11792
1462	11794
1495	11797
1502	11799
1495	11802
1477	11804
1445	11807
1418	11809
1411	11812
1440	11814
1486	11817
1524	11820
1532	11822
1526	11825
1506	11827
1472	11830
1461	11832
1484	11835
1499	11837
1513	11840
1543	11842
1543	11845
1493	11847
1466	11850
1479	11852
1512	11854
1515	11857
1491	11859
1479	11863
1480	11865
1460	11868
1445	11870
1466	11873
1493	11875
1500	11878
1498	11880
1484	11882
1462	11885
1459	11887
1472	11890
1479	11892
1481	11895
1477	11897
1462	11900
1460	11902
1458	11906
1441	11908
1427	11910
1439	11913
1472	11915
1486	11918
1491	11920
1498	11923
1494	11925
1456	11928
1418	11930
1398	11933
1407	11935
1415	11937
1417	11940
1424	11942
1460	11945
1478	11948
1454	11951
1426	11953
1425	11956
1436	11958
1480	11961
1520	11963
1511	11966
1459	11968
1438	11970
1442	11973
1458	11975
1452	11978
1448	11980
1461	11983
1470	11985
1447	11988
1428	11991
1437	11994
1471	11996
1490	11998
1497	12001
1492	12003
1475	12006
1439	12008
1412	12011
1410	12013
1439	12016
1479	12018
1511	12021
1502	12023
1484	12025
1460	12028
1427	12030
1409	12034
1431	12036
1463	12039
1497	12041
1503	12044
1490	12046
1447	12049
1415	12051
1417	12054
1435	12056
1433	12058
1443	12061
1479	12063
1507	12066
1492	12068
1465	12071
1467	12073
1485	12077
1485	12079
1492	12082
1498	12084
1511	12086
1505	12089
1501	12091
1521	12094
1559	12096
1575	12099
1578	12101
1565	12104
1557	12106
1546	12109
1555	12111
1555	12113
1545	12116
1562	12119
1618	12122
1667	12124
1639	12127
1561	12129
1516	12132
1517	12134
1534	12137
1550	12139
1545	12142
1516	12144
1485	12146
1457	12149
1428	12151
1428	12154
1440	12156
1439	12160
1439	12162
1437	12165
1409	12167
1370	12170
1364	12172
1413	12174
1465	12177
1466	12179
1439	12182
1411	12184
1389	12187
1360	12189
1341	12192
1358	12194
1395	12197
1419	12199
1428	12201
1422	12205
1405	12207
1377	12210
1372	12212
1424	12215
1480	12217
1473	12220
1434	12222
1402	12225
1380	12227
1379	12229
1398	12232
1419	12234
1438	12237
1488	12239
1548	12242
1554	12244
1481	12248
1415	12250
1396	12253
1412	12255
1439	12258
1447	12260
1459	12262
1475	12265
1465	12267
1447	12270
1456	12272
1460	12275
1447	12277
1429	12280
1438	12282
1462	12285
1462	12288
1439	12290
1436	12293
1460	12295
1468	12298
1454	12300
1433	12303
1417	12305
1411	12308
1398	12310
1392	12313
1432	12315
1474	12317
1489	12320
1501	12322
1523	12325
1523	12327
1497	12331
1469	12333
1451	12336
1461	12338
1488	12341
1496	12343
1470	12346
1422	12348
1381	12350
1378	12353
1415	12355
1440	12358
1452	12360
1462	12363
1470	12365
1457	12368
1431	12370
1413	12374
1433	12376
1460	12378
1468	12381
1450	12383
1434	12386
1419	12388
1418	12391
1421	12393
1429	12396
1444	12398
1460	12401
1466	12403
1470	12405
1444	12408
1412	12410
1426	12413
1479	12416
1506	12419
1490	12421
1464	12424
1449	12426
1431	12429
1423	12431
1442	12433
1489	12436
1519	12438
1518	12441
1522	12443
1530	12446
1506	12448
1494	12451
1519	12453
1555	12456
1561	12459
1523	12462
1519	12464
1574	12466
1593	12469
1561	12471
1538	12474
1560	12476
1582	12479
1609	12481
1611	12484
1570	12486
1497	12489
1477	12491
1498	12493
1535	12496
1552	12498
1540	12502
1496	12504
1447	12507
1397	12509
1381	12512
1418	12514
1483	12517
1511	12519
1485	12521
1444	12524
1419	12526
1400	12529
1403	12531
1417	12534
1437	12536
1467	12539
1478	12541
1441	12545
1402	12547
1364	12550
1377	12552
1420	12554
1443	12557
1417	12559
1390	12562
1382	12564
1407	12567
1431	12569
1434	12572
1420	12574
1421	12577
1417	12579
1425	12581
1447	12584
1462	12587
1463	12590
1468	12592
1456	12595
1433	12597
1416	12600
1422	12602
1454	12605
1476	12607
1480	12609
1481	12612
1474	12614
1464	12617
1457	12619
1453	12622
1473	12624
1492	12627
1475	12630
1426	12633
1424	12635
1456	12638
1466	12640
1455	12642
1440	12645
1440	12647
1431	12650
1414	12652
1419	12655
1472	12657
1508	12660
1492	12662
1470	12665
1453	12667
1415	12669
1385	12673
1404	12675
1445	12678
1477	12680
1494	12683
1493	12685
1474	12688
1440	12690
1435	12693
1453	12695
1457	12697
1453	12700
1460	12702
1469	12705
1472	12707
1465	12710
1464	12712
1485	12716
1530	12718
1554	12721
1526	12723
1497	12726
1462	12728
1427	12730
1413	12733
1429	12735
1469	12738
1516	12740
1531	12743
1512	12745
1460	12748
1405	12750
1391	12753
1430	12755
1477	12758
1487	12761
1466	12763
1447	12766
1432	12768
1412	12771
1396	12773
1402	12776
1432	12778
1454	12781
1453	12783
1451	12785
1449	12788
1451	12790
1447	12793
1449	12795
1441	12798
1433	12801
1450	12804
1494	12806
1504	12809
1467	12811
1429	12814
1439	12816
1459	12818
1473	12821
1466	12823
1461	12826
1446	12828
1422	12831
1411	12833
1430	12836
1470	12838
1512	12841
1524	12844
1492	12846
1439	12849
1390	12851
1380	12854
1406	12856
1422	12859
1417	12861
1415	12864
1422	12866
1416	12869
1407	12871
1414	12873
1464	12876
1512	12878
1511	12881
1491	12883
1481	12887
1456	12889
1439	12892
1443	12894
1465	12897
1467	12899
1474	12901
1508	12904
1537	12906
1490	12909
1455	12911
1448	12914
1477	12916
1505	12919
1530	12921
1538	12924
1520	12926
1489	12930
1474	12932
1472	12934
1482	12937
1486	12939
1501	12942
1523	12944
1514	12947
1466	12949
1434	12952
1431	12954
1448	12957
1456	12959
1461	12961
1478	12964
1493	12966
1471	12969
1437	12972
1425	12975
1454	12977
1490	12980
1505	12982
1490	12985
1469	12987
1430	12989
1407	12992
1415	12994
1453	12997
1494	12999
1504	13002
1486	13004
1462	13007
1438	13009
1431	13012
1441	13015
1466	13017
1484	13020
1479	13022
1469	13025
1477	13027
1460	13030
1431	13032
1440	13035
1473	13037
1478	13040
1493	13042
1534	13045
1559	13047
1525	13049
1475	13052
1457	13054
1472	13058
1479	13060
1488	13063
1495	13065
1485	13068
1458	13070
1438	13073
1444	13075
1479	13077
1514	13080
1534	13082
1548	13085
1576	13087
1570	13090
1529	13092
1511	13095
1518	13097
1545	13101
1576	13103
1567	13105
1535	13108
1494	13110
1477	13113
1516	13115
1558	13118
1559	13120
1563	13123
1580	13125
1586	13128
1558	13130
1524	13132
1508	13135
1539	13137
1591	13140
1618	13143
1604	13146
1555	13148
1491	13151
1461	13153
1488	13156
1519	13158
1497	13161
1478	13163
1491	13165
1505	13168
1502	13170
1486	13173
1459	13175
1423	13178
1404	13180
1404	13184
1409	13186
1399	13189
1376	13191
1369	13193
1374	13196
1385	13198
1421	13201
1464	13203
1472	13206
1455	13208
1428	13211
1405	13213
1434	13216
1478	13218
1476	13220
1448	13223
1434	13225
1450	13229
1465	13231
1450	13234
1426	13236
1423	13239
1427	13241
1433	13244
1448	13246
1459	13249
1433	13251
1393	13253
1390	13256
1396	13258
1405	13261
1424	13263
1435	13266
1416	13268
1387	13272
1370	13274
1381	13277
1403	13279
1421	13281
1465	13284
1520	13286
1524	13289
1453	13291
1414	13294
1430	13296
1463	13299
1482	13301
1486	13304
1480	13306
1461	13308
1442	13312
1459	13314
1535	13317
1587	13319
1563	13322
1518	13324
1502	13327
1479	13329
1449	13332
1432	13334
1451	13336
1484	13339
1520	13341
1547	13344
1546	13346
1519	13349
1510	13351
1508	13355
1493	13357
1487	13360
1494	13362
1517	13365
1533	13367
1515	13369
1508	13372
1542	13374
1570	13377
1577	13379
1581	13382
1578	13384
1545	13387
1493	13389
1487	13392
1530	13394
1579	13396
1577	13400
1560	13402
1537	13405
1508	13407
1460	13410
1434	13412
1439	13415
1489	13417
1546	13420
1563	13422
1539	13424
1508	13427
1466	13429
1438	13432
1454	13434
1485	13437
1494	13440
1481	13443
1477	13445
1468	13448
1442	13450
1427	13453
1432	13455
1492	13457
1555	13460
1554	13462
1507	13465
1459	13467
1422	13470
1419	13472
1455	13475
1485	13477
1479	13480
1467	13483
1462	13485
1473	13488
1485	13490
1491	13493
1477	13495
1481	13498
1485	13500
1490	13503
1498	13505
1485	13508
1441	13510
1417	13512
1430	13515
1467	13517
1494	13520
1508	13522
1508	13526
1495	13528
1457	13531
1420	13533
1420	13536
1462	13538
1487	13541
1477	13543
1456	13545
1438	13548
1419	13550
1423	13553
1437	13555
1447	13558
1449	13560
1461	13563
1497	13565
1542	13569
1535	13571
1492	13573
1465	13576
1467	13578
1469	13581
1500	13583
1531	13586
1521	13588
1472	13591
1454	13593
1483	13596
1543	13598
1586	13600
1585	13603
1541	13605
1498	13608
1449	13611
1420	13614
1421	13616
1441	13619
1459	13621
1484	13624
1497	13626
1479	13629
1470	13631
1485	13633
1500	13636
1490	13638
1469	13641
1450	13643
1446	13646
1459	13648
1461	13651
1451	13654
1457	13657
1488	13659
1511	13661
1528	13664
1513	13666
1489	13669
1470	13671
1470	13674
1485	13676
1504	13679
1516	13681
1529	13684
1523	13686
1491	13688
1467	13691
1475	13693
1501	13697
1511	13699
1491	13702
1463	13704
1463	13707
1474	13709
1461	13712
1433	13714
1423	13717
1423	13719
1429	13721
1441	13724
1441	13726
1439	13729
1443	13731
1431	13734
1420	13736
1415	13740
1425	13742
1466	13745
1497	13747
1467	13749
1426	13752
1416	13754
1437	13757
1464	13759
1502	13762
1576	13764
1628	13767
1608	13769
1560	13772
1543	13774
1576	13776
1611	13779
1621	13782
1617	13785
1611	13787
1574	13790
1521	13792
1509	13795
1536	13797
1537	13800
1518	13802
1498	13804
1474	13807
1425	13809
1388	13812
1414	13814
1492	13817
1533	13819
1516	13822
1483	13825
1459	13828
1429	13830
1407	13833
1383	13835
1373	13837
1385	13840
1409	13842
1440	13845
1473	13847
1486	13850
1455	13852
1408	13855
1402	13857
1416	13860
1425	13862
1420	13864
1407	13868
1390	13870
1377	13873
1373	13875
1387	13878
1399	13880
1408	13883
1420	13885
1418	13888
1391	13890
1382	13892
1397	13895
1420	13897
1435	13900
1452	13902
1451	13905
1430	13907
1391	13911
1372	13913
1379	13916
1411	13918
1451	13921
1479	13923
1480	13925
1475	13928
1467	13930
1464	13933
1464	13935
1465	13938
1469	13940
1482	13943
1501	13945
1502	13948
1474	13950
1456	13953
1480	13956
1511	13958
1503	13961
1487	13963
1481	13966
1473	13968
1454	13971
1475	13973
1517	13976
1527	13978
1516	13980
1517	13983
1516	13985
1496	13988
1453	13990
1420	13993
1413	13996
1427	13999
1434	14001
1444	14004
1472	14006
1498	14009
1480	14011
1449	14013
1451	14016
1475	14018
1508	14021
1530	14023
1522	14026
1484	14028
1429	14031
1401	14033
1405	14036
1438	14039
1468	14041
1489	14044
1513	14046
1533	14049
1522	14051
1499	14054
1493	14056
1524	14059
1559	14061
1570	14064
1538	14066
1489	14068
1434	14071
1405	14073
1406	14076
1427	14078
1438	14082
1450	14084
1470	14087
1496	14089
1500	14092
1488	14094
1463	14096
1456	14099
1466	14101
1482	14104
1479	14106
1450	14109
1419	14111
1413	14114
1451	14116
1507	14119
1533	14121
1540	14125
1550	14127
1537	14129
1472	14132
1427	14134
1426	14137
1455	14139
1475	14142
1486	14144
1489	14147
1477	14149
1437	14152
1415	14154
1456	14156
1531	14159
1580	14161
1570	14164
1525	14167
1480	14170
1455	14172
1449	14175
1467	14177
1499	14180
1533	14182
1549	14184
1533	14187
1508	14189
1485	14192
1469	14194
1476	14197
1493	14199
1518	14202
1540	14204
1533	14208
1494	14210
1460	14213
1447	14215
1462	14217
1469	14220
1470	14222
1492	14225
1538	14227
1551	14230
1511	14232
1458	14235
1442	14237
1448	14240
1471	14242
1503	14244
1513	14247
1476	14249
1437	14253
1441	14255
1492	14258
1539	14260
1555	14263
1542	14265
1513	14268
1464	14270
1430	14272
1439	14275
1483	14277
1519	14280
1533	14282
1539	14285
1537	14287
1513	14290
1480	14292
1471	14296
1492	14298
1516	14301
1526	14303
1519	14305
1507	14308
1481	14310
1466	14313
1467	14315
1500	14318
1525	14320
1529	14323
1523	14325
1522	14328
1500	14330
1472	14332
1463	14336
1481	14338
1501	14341
1510	14343
1534	14346
1568	14348
1553	14351
1498	14353
1473	14356
1482	14358
1490	14360
1495	14363
1496	14365
1495	14368
1478	14370
1466	14373
1473	14375
1494	14379
1500	14381
1500	14384
1505	14386
1508	14388
1491	14391
1491	14393
1516	14396
1556	14398
1581	14401
1581	14403
1563	14406
1537	14408
1509	14411
1480	14413
1481	14416
1514	14418
1539	14420
1536	14424
1530	14426
1529	14429
1506	14431
1498	14434
1508	14436
1502	14439
1479	14441
1464	14444
1458	14446
1454	14448
1427	14451
1417	14453
1438	14456
1471	14458
1488	14461
1503	14464
1516	14467
1517	14469
1469	14472
1429	14474
1426	14476
1448	14479
1465	14481
1500	14484
1545	14486
1551	14489
1509	14491
1507	14494
1546	14496
1572	14499
1556	14501
1543	14504
1538	14507
1534	14509
1513	14512
1503	14514
1506	14517
1511	14519
1509	14522
1507	14524
1515	14527
1525	14529
1503	14532
1480	14534
1474	14536
1486	14539
1485	14541
1488	14544
1500	14546
1498	14550
1464	14552
1439	14555
1442	14557
1460	14560
1469	14562
1477	14564
1492	14567
1518	14569
1513	14572
1474	14574
1448	14577
1447	14579
1465	14582
1494	14584
1503	14587
1478	14589
1432	14593
1409	14595
1428	14597
1474	14600
1502	14602
1532	14605
1554	14607
1532	14610
1469	14612
1431	14615
1432	14617
1459	14620
1473	14622
1480	14624
1477	14627
1466	14629
1438	14632
1432	14635
1464	14638
1498	14640
1516	14643
1532	14645
1535	14648
1506	14650
1478	14652
1474	14655
1495	14657
1512	14660
1516	14662
1522	14665
1528	14667
1518	14670
1499	14672
1512	14675
1552	14678
1573	14681
1582	14683
1580	14685
1549	14688
1515	14690
1476	14693
1460	14695
1469	14698
1483	14700
1478	14703
1465	14705
1470	14708
1473	14710
1470	14712
1469	14715
1469	14717
1474	14721
1475	14723
1477	14726
1473	14728
1450	14731
1420	14733
1407	14736
1426	14738
1455	14740
1488	14743
1515	14745
1514	14748
1498	14750
1499	14753
1511	14755
1530	14758
1539	14760
1531	14764
1527	14766
1525	14768
1497	14771
1468	14773
1465	14776
1496	14778
1518	14781
1520	14783
1515	14786
1512	14788
1495	14791
1471	14793
1466	14796
1499	14798
1525	14800
1543	14803
1576	14806
1609	14809
1586	14811
1547	14814
1537	14816
1538	14819
1537	14821
1550	14824
1563	14826
1561	14828
1520	14831
1476	14833
1468	14836
1512	14838
1556	14841
1566	14843
1554	14846
1542	14849
1525	14852
1533	14854
1559	14856
1565	14859
1540	14861
1562	14864
1595	14866
1573	14869
1492	14871
1431	14874
1406	14876
1414	14879
1447	14881
1481	14883
1492	14886
1493	14888
1469	14892
1450	14894
1469	14897
1517	14899
1525	14902
1510	14904
1511	14907
1507	14909
1454	14912
1407	14914
1396	14916
1415	14919
1431	14921
1444	14924
1445	14926
1431	14929
1398	14931
1375	14935
1383	14937
1420	14940
1444	14942
1446	14944
1450	14947
1473	14949
1483	14952
1481	14954
1477	14957
1475	14959
1465	14962
1467	14964
1501	14967
1526	14969
1507	14971
1464	14974
1460	14977
1498	14980
1519	14982
1509	14985
1488	14987
1465	14990
1423	14992
1400	14995
1420	14997
1468	15000
1502	15002
1505	15004
1504	15007
1535	15009
1533	15012
1485	15014
1449	15017
1446	15020
1443	15023
1446	15025
1451	15028
1454	15030
1438	15032
1433	15035
1448	15037
1478	15040
1476	15042
1454	15045
1436	15047
1430	15050
1415	15052
1416	15055
1447	15057
1488	15059
1505	15063
1515	15065
1509	15068
1490	15070
1452	15073
1455	15075
1502	15078
1533	15080
1521	15083
1504	15085
1489	15088
1467	15090
1431	15092
1416	15095
1427	15097
1449	15100
1460	15102
1473	15106
1494	15108
1499	15111
1460	15113
1419	15116
1421	15118
1441	15120
1451	15123
1458	15125
1461	15128
1449	15130
1431	15133
1437	15135
1460	15138
1456	15140
1444	15143
1450	15145
1460	15148
1454	15151
1436	15153
1431	15156
1445	15158
1467	15161
1476	15163
1487	15166
1498	15168
1492	15171
1461	15173
1446	15176
1462	15178
1482	15180
1487	15183
1491	15185
1492	15188
1478	15191
1452	15194
1442	15196
1461	15199
1481	15201
1489	15204
1494	15206
1493	15208
1471	15211
1441	15213
1435	15216
1461	15218
1486	15221
1498	15223
1506	15226
1510	15228
1494	15232
1474	15234
1470	15236
1493	15239
1512	15241
1520	15244
1526	15246
1530	15249
1521	15251
1508	15254
1507	15256
1519	15259
1525	15261
1523	15264
1521	15266
1518	15268
1497	15271
1470	15273
1462	15277
1482	15279
1500	15282
1506	15284
1508	15287
1506	15289
1483	15292
1458	15294
1453	15296
1474	15299
1491	15301
1497	15304
1500	15306
1499	15309
1476	15311
1454	15314
1454	15316
1476	15320
1491	15322
1491	15324
1486	15327
1483	15329
1465	15332
1452	15334
1460	15337
1486	15339
1504	15342
1511	15344
1517	15347
1520	15349
1500	15351
1479	15354
1476	15356
1498	15360
1515	15362
1520	15365
1522	15367
1521	15370
1497	15372
1475	15375
1473	15377
1493	15380
1506	15382
1510	15384
1508	15387
1503	15389
1474	15392
1452	15394
1454	15397
1477	15399
1488	15403
1492	15405
1494	15408
1493	15410
1473	15412
1461	15415
