1459	2
1442	4
1449	7
1479	9
1493	11
1496	13
1495	16
1490	18
1475	20
1445	23
1436	25
1453	27
1467	30
1473	32
1478	34
1481	36
1482	39
1451	41
1428	44
1424	47
1446	49
1461	51
1466	54
1469	56
1474	58
1461	60
1436	63
1417	65
1429	67
1451	70
1457	72
1469	74
1474	77
1467	79
1440	81
1417	84
1420	87
1440	89
1464	91
1470	94
1468	96
1464	98
1448	101
1421	103
1413	105
1430	108
1465	110
1484	112
1491	115
1489	117
1476	120
1450	122
1429	124
1440	128
1470	130
1480	132
1483	135
1484	137
1479	139
1448	142
1428	144
1428	146
1456	149
1477	151
1487	153
1489	156
1489	158
1472	161
1443	163
1432	165
1453	168
1473	171
1483	173
1489	176
1496	178
1494	180
1472	183
1448	185
1455	187
1486	190
1504	192
1511	194
1509	197
1504	199
1470	202
1446	204
1454	206
1477	209
1497	211
1504	214
1510	217
1513	219
1496	221
1464	224
1451	226
1476	228
1502	231
1507	233
1508	235
1507	238
1495	240
1465	243
1457	245
1473	247
1501	250
1515	252
1515	254
1512	258
1515	260
1492	262
1470	265
1473	267
1499	269
1510	272
1514	274
1516	277
1519	279
1494	281
1474	284
1469	286
1503	288
1523	291
1521	293
1524	295
1530	299
1516	301
1484	303
1467	306
1472	308
1489	310
1506	313
1525	315
1521	318
1500	320
1474	322
1451	325
1455	327
1488	329
1510	332
1512	334
1511	336
1501	339
1469	342
1452	344
1450	347
1472	349
1489	352
1495	354
1503	356
1505	359
1485	361
1443	363
1420	366
1438	368
1458	370
1473	373
1482	375
1482	377
1467	380
1444	382
1434	385
1450	388
1478	390
1484	393
1485	395
1486	397
1486	400
1456	402
1429	404
1433	407
1457	409
1482	411
1492	414
1499	416
1502	418
1485	421
1457	423
1452	425
1467	429
1477	431
1477	434
1478	436
1482	438
1476	441
1448	443
1442	445
1469	448
1497	450
1501	452
1500	455
1495	457
1494	459
1466	462
1439	464
1437	467
1462	470
1478	472
1492	475
1501	477
1512	479
1495	482
1481	484
1470	486
1479	489
1492	491
1500	493
1509	496
1518	498
1505	500
1460	503
1444	505
1464	508
1503	510
1526	513
1529	516
1512	518
1496	520
1453	523
1421	525
1422	527
1454	530
1473	532
1475	534
1476	537
1480	539
1452	541
1434	544
1435	546
1454	549
1462	551
1470	553
1476	557
1478	559
1467	561
1443	564
1430	566
1443	568
1456	571
1469	573
1491	575
1504	578
1485	580
1455	583
1433	585
1438	587
1458	590
1477	592
1493	594
1489	598
1471	600
1434	602
1407	605
1412	607
1442	609
1474	612
1481	614
1480	616
1477	619
1463	621
1441	624
1441	626
1462	628
1478	631
1481	633
1491	635
1500	638
1493	641
1466	643
1464	646
1482	648
1519	650
1539	653
1546	655
1537	658
1529	660
1498	662
1471	665
1473	667
1505	669
1526	672
1548	674
1573	676
1575	679
1521	681
1484	684
1461	687
1486	689
1528	691
1551	694
1554	696
1551	699
1538	701
1495	703
1466	706
1474	708
1492	710
1506	713
1516	715
1532	717
1535	720
1507	722
1474	724
1462	728
1476	730
1487	733
1498	735
1515	737
1522	740
1489	742
1453	744
1442	747
1466	749
1498	751
1509	754
1508	756
1508	758
1495	761
1451	763
1424	765
1440	769
1466	771
1472	774
1473	776
1477	778
1478	781
1461	783
1456	785
1458	788
1477	790
1493	792
1494	795
1493	797
1496	799
1467	802
1427	804
1421	807
1448	809
1493	812
1514	815
1506	817
1484	819
1451	822
1423	824
1414	826
1452	829
1491	831
1489	833
1485	836
1483	838
1485	840
1471	843
1459	845
1459	848
1473	850
1482	852
1506	856
1519	858
1512	860
1473	863
1447	865
1451	867
1483	870
1500	872
1508	874
1508	877
1500	879
1472	882
1445	884
1438	886
1455	889
1472	891
1473	893
1484	897
1495	899
1502	901
1480	904
1458	906
1457	908
1472	911
1485	913
1486	915
1479	918
1465	920
1438	923
1414	925
1426	927
1462	930
1467	932
1460	934
1476	937
1493	940
1458	942
1418	945
1408	947
1432	949
1458	952
1466	954
1467	956
1467	959
1463	961
1437	964
1425	966
1440	968
1477	971
1505	973
1530	975
1519	978
1494	980
1450	983
1432	986
1441	988
1474	990
1488	993
1506	995
1528	998
1539	1000
1494	1002
1460	1005
1460	1007
1494	1009
1526	1012
1539	1014
1540	1017
1539	1019
1514	1022
1471	1025
1445	1027
1458	1030
1489	1032
1528	1035
1570	1037
1574	1039
1537	1042
1482	1044
1460	1047
1476	1049
1495	1051
1488	1054
1489	1056
1488	1059
1474	1061
1443	1063
1441	1067
1464	1069
1480	1072
1483	1074
1486	1076
1485	1079
1469	1081
1444	1084
1428	1086
1439	1088
1465	1091
1476	1093
1475	1096
1472	1098
1467	1100
1437	1103
1420	1105
1415	1108
1441	1111
1467	1113
1476	1116
1475	1118
1465	1121
1420	1123
1383	1126
1378	1128
1406	1130
1431	1133
1441	1135
1449	1138
1449	1140
1409	1142
1381	1145
1390	1147
1413	1150
1429	1153
1443	1155
1451	1158
1442	1160
1411	1163
1397	1165
1403	1167
1430	1170
1438	1172
1440	1175
1444	1177
1439	1179
1420	1182
1400	1184
1394	1187
1425	1189
1452	1191
1441	1195
1426	1197
1418	1200
1405	1202
1384	1204
1386	1207
1415	1209
1450	1212
1466	1214
1457	1217
1443	1219
1422	1221
1395	1224
1403	1226
1433	1229
1456	1231
1455	1233
1466	1236
1473	1239
1468	1242
1436	1244
1424	1246
1434	1249
1453	1251
1466	1254
1480	1256
1496	1258
1500	1261
1478	1263
1452	1266
1457	1268
1480	1270
1493	1273
1506	1275
1515	1278
1507	1281
1476	1283
1461	1286
1461	1288
1488	1291
1512	1293
1531	1295
1542	1298
1533	1300
1479	1303
1440	1305
1437	1308
1479	1310
1512	1312
1517	1315
1519	1317
1525	1320
1498	1323
1468	1325
1467	1328
1486	1330
1502	1333
1503	1335
1501	1337
1487	1340
1463	1342
1437	1345
1429	1347
1451	1349
1472	1352
1487	1354
1494	1357
1488	1359
1469	1361
1438	1364
1438	1367
1471	1370
1491	1372
1486	1374
1484	1377
1491	1379
1499	1382
1479	1384
1453	1386
1458	1389
1492	1391
1514	1394
1513	1396
1498	1398
1486	1401
1449	1403
1431	1406
1447	1409
1472	1412
1475	1414
1476	1416
1473	1419
1457	1421
1411	1424
1388	1426
1407	1428
1438	1431
1440	1433
1442	1436
1447	1438
1437	1440
1395	1443
1370	1445
1389	1448
1432	1451
1444	1453
1440	1456
1442	1458
1439	1461
1415	1463
1382	1465
1377	1468
1418	1470
1458	1473
1463	1475
1455	1477
1468	1480
1453	1482
1426	1485
1409	1487
1434	1489
1462	1492
1472	1495
1473	1498
1475	1500
1460	1502
1431	1505
1421	1507
1436	1510
1458	1512
1467	1515
1486	1517
1512	1519
1509	1522
1461	1524
1435	1527
1449	1529
1489	1531
1516	1534
1520	1537
1516	1540
1505	1542
1467	1544
1448	1547
1475	1549
1507	1552
1518	1554
1518	1556
1521	1559
1522	1561
1496	1564
1473	1566
1479	1568
1520	1571
1535	1573
1534	1576
1530	1579
1522	1581
1488	1584
1463	1586
1459	1589
1488	1591
1519	1593
1526	1596
1516	1598
1513	1601
1479	1603
1439	1606
1431	1608
1459	1610
1487	1613
1508	1615
1516	1618
1516	1620
1492	1623
1461	1626
1450	1628
1474	1631
1493	1633
1497	1635
1503	1638
1511	1640
1508	1643
1490	1645
1482	1647
1484	1650
1491	1652
1497	1655
1503	1657
1499	1659
1484	1662
1451	1665
1438	1668
1456	1670
1474	1672
1477	1675
1495	1677
1506	1680
1479	1682
1447	1684
1431	1687
1443	1689
1479	1692
1501	1694
1508	1696
1508	1699
1501	1701
1474	1704
1465	1707
1471	1709
1494	1712
1505	1714
1511	1717
1515	1719
1507	1721
1468	1724
1443	1726
1442	1729
1458	1731
1466	1734
1474	1736
1475	1738
1472	1741
1447	1743
1424	1746
1420	1748
1442	1751
1459	1754
1458	1756
1463	1759
1460	1761
1430	1763
1416	1766
1419	1768
1436	1771
1448	1773
1460	1775
1469	1778
1464	1780
1445	1783
1427	1785
1420	1787
1439	1790
1455	1793
1458	1796
1463	1798
1484	1800
1492	1803
1475	1805
1470	1808
1488	1810
1509	1812
1522	1815
1530	1817
1533	1820
1525	1822
1489	1824
1474	1827
1505	1829
1552	1832
1573	1835
1571	1837
1569	1840
1565	1842
1538	1845
1523	1847
1538	1850
1566	1852
1577	1854
1583	1857
1582	1859
1583	1862
1561	1864
1530	1866
1515	1869
1533	1871
1546	1874
1555	1876
1548	1879
1516	1882
1483	1884
1471	1887
1490	1889
1516	1891
1515	1894
1502	1896
1492	1899
1488	1901
1462	1903
1443	1906
1440	1908
1476	1911
1502	1913
1497	1915
1489	1918
1484	1921
1458	1924
1433	1926
1426	1929
1450	1931
1480	1933
1489	1936
1488	1938
1506	1941
1494	1943
1448	1945
1431	1948
1449	1950
1473	1953
1477	1955
1473	1957
1466	1960
1448	1963
1425	1966
1419	1968
1449	1970
1474	1973
1484	1975
1485	1978
1492	1980
1488	1982
1475	1985
1483	1987
1503	1990
1515	1992
1518	1994
1522	1997
1528	1999
1526	2002
1493	2004
1477	2007
1492	2010
1511	2012
1506	2015
1505	2017
1515	2019
1518	2022
1476	2024
1439	2027
1440	2029
1468	2032
1485	2034
1496	2036
1505	2039
1505	2041
1474	2044
1455	2046
1460	2049
1486	2052
1504	2054
1510	2057
1513	2059
1514	2061
1490	2064
1468	2066
1462	2069
1476	2071
1488	2073
1489	2076
1489	2078
1488	2081
1470	2083
1441	2085
1432	2088
1458	2091
1470	2094
1469	2096
1477	2098
1489	2101
1466	2103
1449	2106
1441	2108
1452	2110
1468	2113
1476	2115
1484	2118
1486	2120
1470	2122
1442	2125
1434	2127
1448	2130
1471	2132
1481	2136
1491	2138
1495	2140
1480	2143
1451	2145
1450	2148
1467	2150
1486	2152
1492	2155
1488	2157
1492	2160
1493	2162
1458	2164
1438	2167
1454	2169
1479	2172
1500	2174
1505	2177
1504	2180
1500	2182
1470	2185
1448	2187
1457	2189
1492	2192
1509	2194
1511	2197
1506	2199
1505	2201
1479	2204
1452	2206
1451	2209
1483	2211
1502	2214
1499	2216
1490	2219
1484	2222
1462	2224
1447	2227
1447	2229
1467	2231
1475	2234
1482	2236
1493	2239
1492	2241
1466	2243
1429	2246
1416	2248
1442	2251
1464	2253
1474	2255
1482	2258
1481	2260
1468	2264
1442	2266
1429	2268
1440	2271
1462	2273
1470	2276
1475	2278
1480	2280
1457	2283
1426	2285
1409	2288
1434	2290
1466	2292
1469	2295
1467	2297
1465	2300
1451	2302
1417	2306
1405	2308
1416	2310
1448	2313
1468	2315
1477	2318
1475	2320
1467	2322
1435	2325
1418	2327
1424	2330
1450	2332
1463	2334
1470	2337
1484	2339
1499	2342
1473	2344
1447	2347
1450	2350
1468	2352
1486	2355
1498	2357
1503	2359
1499	2362
1462	2364
1443	2367
1459	2369
1492	2371
1503	2374
1501	2376
1502	2379
1506	2381
1484	2383
1456	2386
1449	2388
1472	2392
1492	2394
1500	2397
1502	2399
1510	2401
1498	2404
1467	2406
1450	2409
1470	2411
1493	2413
1504	2416
1508	2418
1513	2421
1505	2423
1471	2425
1452	2428
1462	2430
1479	2434
1485	2436
1494	2438
1507	2441
1511	2443
1490	2446
1469	2448
1477	2450
1498	2453
1514	2455
1529	2458
1527	2460
1505	2462
1478	2465
1457	2467
1463	2470
1483	2472
1486	2475
1488	2478
1491	2480
1480	2483
1449	2485
1437	2488
1449	2490
1492	2492
1517	2495
1510	2497
1502	2500
1492	2502
1462	2504
1450	2507
1454	2509
1472	2512
1485	2514
1489	2516
1488	2520
1489	2522
1465	2525
1446	2527
1452	2529
1473	2532
1499	2534
1512	2537
1516	2539
1508	2541
1470	2544
1435	2546
1431	2549
1462	2551
1479	2553
1492	2556
1497	2558
1484	2562
1454	2564
1432	2567
1438	2569
1467	2571
1482	2574
1485	2576
1489	2579
1491	2581
1477	2583
1445	2586
1433	2588
1451	2591
1476	2593
1487	2595
1496	2598
1506	2600
1495	2604
1448	2606
1417	2608
1424	2611
1451	2613
1465	2616
1472	2618
1475	2620
1469	2623
1436	2625
1412	2628
1416	2630
1444	2632
1465	2635
1483	2637
1487	2640
1483	2642
1450	2644
1423	2648
1426	2650
1460	2653
1480	2655
1486	2657
1489	2660
1492	2662
1472	2665
1448	2667
1445	2669
1475	2672
1493	2674
1493	2677
1495	2679
1491	2682
1455	2684
1432	2686
1422	2690
1446	2692
1481	2695
1497	2697
1490	2699
1483	2702
1447	2704
1418	2707
1417	2709
1454	2711
1483	2714
1488	2716
1499	2719
1508	2721
1488	2723
1454	2726
1442	2728
1457	2732
1480	2734
1496	2736
1503	2739
1496	2741
1477	2744
1454	2746
1450	2748
1468	2751
1486	2753
1502	2756
1517	2758
1520	2760
1503	2763
1464	2765
1446	2768
1461	2770
1486	2772
1494	2776
1503	2778
1515	2781
1521	2783
1490	2786
1464	2788
1466	2790
1494	2793
1522	2795
1544	2798
1544	2800
1533	2802
1498	2805
1475	2807
1477	2810
1502	2812
1516	2814
1519	2818
1514	2820
1510	2823
1474	2825
1440	2827
1437	2830
1461	2832
1478	2835
1490	2837
1495	2839
1493	2842
1476	2844
1450	2847
1436	2849
1455	2851
1469	2854
1473	2856
1480	2860
1483	2862
1459	2865
1437	2867
1428	2869
1454	2872
1483	2874
1492	2877
1494	2879
1491	2881
1467	2884
1443	2886
1440	2889
1463	2891
1492	2893
1500	2896
1502	2898
1503	2902
1484	2904
1446	2906
1429	2909
1445	2911
1475	2914
1487	2916
1489	2918
1482	2921
1465	2923
1428	2926
1410	2928
1434	2930
1463	2933
1483	2935
1483	2938
1474	2940
1463	2942
1426	2946
1405	2948
1420	2951
1451	2953
1459	2956
1466	2958
1468	2960
1469	2963
1441	2965
1417	2968
1420	2970
1446	2972
1460	2975
1463	2977
1465	2980
1467	2982
1440	2984
1414	2988
1417	2990
1449	2993
1472	2995
1481	2997
1485	3000
1489	3002
1468	3005
1447	3007
1445	3009
1468	3012
1489	3014
1500	3017
1504	3019
1503	3021
1486	3024
1459	3026
1451	3030
1477	3032
1503	3035
1518	3037
1532	3039
1533	3042
1506	3044
1482	3047
1464	3049
1475	3051
1498	3054
1512	3056
1519	3059
1513	3061
1490	3063
1457	3066
1448	3068
1465	3072
1495	3074
1507	3076
1513	3079
1517	3081
1505	3084
1467	3086
1447	3088
1462	3091
1484	3093
1497	3096
1491	3098
1484	3100
1482	3103
1458	3105
1445	3108
1458	3110
1477	3113
1478	3116
1474	3118
1472	3121
1473	3123
1449	3126
1431	3128
1432	3130
1447	3133
1455	3135
1457	3138
1461	3140
1464	3142
1440	3145
1414	3147
1410	3150
1432	3152
1446	3154
1455	3158
1466	3160
1472	3163
1446	3165
1409	3167
1395	3170
1426	3172
1456	3175
1468	3177
1472	3180
1472	3182
1458	3184
1435	3187
1435	3189
1461	3192
1475	3194
1477	3196
1480	3200
1484	3202
1474	3205
1456	3207
1438	3209
1445	3212
1466	3214
1474	3217
1479	3219
1486	3221
1481	3224
1453	3226
1441	3229
1454	3231
1484	3233
1498	3236
1510	3238
1514	3241
1504	3244
1475	3246
1464	3249
1465	3251
1482	3254
1490	3256
1497	3258
1503	3261
1503	3263
1468	3266
1445	3268
1451	3270
1480	3273
1497	3275
1506	3278
1508	3280
1503	3282
1475	3286
1457	3288
1461	3291
1488	3293
1505	3296
1518	3298
1520	3300
1515	3303
1484	3305
1458	3308
1456	3310
1483	3312
1502	3315
1508	3317
1512	3320
1514	3322
1494	3324
1473	3328
1472	3330
1497	3333
1514	3335
1521	3337
1525	3340
1524	3342
1503	3345
1473	3347
1464	3349
1492	3352
1518	3354
1525	3357
1528	3359
1529	3361
1522	3364
1495	3366
1480	3369
1494	3372
1519	3375
1531	3377
1542	3379
1552	3382
1550	3384
1517	3387
1499	3389
1515	3391
1541	3394
1548	3396
1549	3399
1548	3401
1537	3403
1515	3406
1499	3408
1511	3411
1542	3414
1558	3416
1557	3419
1549	3421
1534	3424
1494	3426
1477	3428
1484	3431
1510	3433
1525	3436
1541	3438
1550	3440
1544	3443
1507	3445
1478	3448
1478	3450
1495	3453
1512	3456
1524	3458
1534	3461
1533	3463
1492	3466
1454	3468
1448	3470
1476	3473
1492	3475
1499	3478
1499	3480
1496	3482
1466	3485
1438	3487
1438	3490
1474	3492
1499	3494
1500	3497
1497	3500
1494	3503
1473	3505
1441	3507
1424	3510
1440	3512
1460	3515
1465	3517
1469	3519
1472	3522
1466	3524
1439	3527
1428	3529
1445	3532
1465	3534
1469	3536
1474	3539
1477	3542
1468	3545
1432	3547
1416	3549
1430	3552
1457	3554
1466	3557
1473	3559
1478	3561
1462	3564
1432	3566
1410	3569
1418	3571
1452	3573
1488	3576
1506	3578
1494	3581
1474	3584
1440	3586
1428	3589
1439	3591
1471	3594
1486	3596
1494	3598
1502	3601
1508	3603
1481	3606
1455	3608
1449	3611
1475	3613
1496	3615
1502	3618
1500	3620
1496	3623
1469	3625
1451	3628
1459	3631
1485	3633
1518	3636
1530	3638
1530	3640
1527	3643
1501	3645
1470	3648
1463	3650
1492	3652
1516	3655
1522	3657
1530	3660
1529	3662
1502	3664
1467	3667
1459	3670
1489	3673
1518	3675
1521	3677
1517	3680
1510	3682
1494	3685
1463	3687
1451	3690
1469	3692
1492	3694
1498	3697
1500	3699
1503	3702
1502	3704
1470	3706
1449	3709
1460	3712
1488	3715
1502	3717
1516	3719
1523	3722
1516	3724
1477	3727
1456	3729
1466	3731
1493	3734
1494	3736
1491	3739
1491	3741
1491	3743
1468	3746
1441	3748
1441	3751
1471	3753
1489	3756
1496	3759
1499	3761
1496	3764
1464	3766
1440	3769
1440	3771
1470	3773
1494	3776
1505	3778
1511	3781
1513	3783
1490	3785
1472	3788
1475	3790
1491	3793
1508	3795
1517	3798
1524	3801
1526	3803
1499	3806
1465	3808
1454	3810
1483	3813
1501	3815
1501	3818
1494	3820
1493	3822
1481	3825
1462	3827
1466	3830
1494	3832
1509	3834
1507	3837
1507	3840
1509	3843
1505	3845
1479	3848
1463	3850
1473	3852
1494	3855
1500	3857
1506	3860
1510	3862
1506	3864
1477	3867
1460	3869
1469	3872
1496	3874
1512	3876
1520	3879
1518	3881
1508	3885
1473	3887
1449	3889
1459	3892
1497	3894
1520	3897
1525	3899
1518	3901
1512	3904
1480	3906
1459	3909
1463	3911
1487	3913
1494	3916
1486	3918
1481	3921
1482	3923
1458	3926
1442	3929
1437	3931
1458	3934
1470	3936
1472	3939
1473	3941
1476	3943
1454	3946
1435	3948
1430	3951
1452	3953
1473	3955
1481	3958
1483	3960
1481	3963
1452	3965
1422	3968
1423	3971
1447	3973
1478	3976
1491	3978
1498	3980
1495	3983
1475	3985
1439	3988
1421	3990
1449	3992
1473	3995
1488	3997
1501	4000
1509	4002
1500	4004
1464	4007
1445	4009
1464	4013
1496	4015
1512	4018
1530	4020
1537	4022
1529	4025
1496	4027
1479	4030
1492	4032
1520	4034
1529	4037
1531	4039
1530	4042
1525	4044
1492	4046
1472	4049
1481	4051
1514	4055
1528	4057
1534	4059
1542	4062
1546	4064
1517	4067
1488	4069
1485	4071
1505	4074
1512	4076
1509	4079
1511	4081
1517	4083
1504	4086
1490	4088
1484	4091
1507	4093
1523	4096
1524	4099
1520	4101
1518	4104
1493	4106
1475	4109
1462	4111
1480	4113
1507	4116
1523	4118
1524	4121
1512	4123
1467	4125
1434	4128
1434	4130
1465	4133
1492	4135
1500	4137
1502	4141
1497	4143
1479	4146
1454	4148
1450	4150
1468	4153
1494	4155
1503	4158
1511	4160
1515	4162
1502	4165
1465	4167
1450	4170
1468	4172
1490	4174
1498	4177
1498	4179
1494	4183
1479	4185
1441	4188
1426	4190
1443	4192
1470	4195
1483	4197
1496	4200
1507	4202
1499	4204
1465	4207
1451	4209
1468	4212
1494	4214
1501	4216
1500	4219
1496	4221
1494	4225
1463	4227
1433	4229
1432	4232
1464	4234
1486	4237
1494	4239
1497	4241
1494	4244
1467	4246
1446	4249
1443	4251
1464	4253
1473	4256
1475	4258
1472	4261
1467	4263
1449	4265
1427	4269
1417	4271
1435	4274
1450	4276
1454	4279
1462	4281
1467	4283
1445	4286
1424	4288
1413	4291
1432	4293
1453	4295
1462	4298
1468	4300
1475	4303
1462	4305
1432	4307
1423	4311
1442	4313
1474	4316
1487	4318
1488	4320
1482	4323
1470	4325
1444	4328
1430	4330
1439	4332
1462	4335
1470	4337
1469	4340
1464	4342
1455	4344
1430	4347
1421	4349
1436	4353
1454	4355
1470	4358
1484	4360
1485	4362
1477	4365
1449	4367
1435	4370
1443	4372
1470	4374
1482	4377
1482	4379
1479	4382
1478	4384
1454	4386
1436	4389
1438	4391
1463	4395
1481	4397
1488	4399
1486	4402
1478	4404
1450	4407
1423	4409
1421	4411
1447	4414
1462	4416
1465	4419
1468	4421
1470	4423
1452	4426
1428	4428
1428	4431
1457	4433
1480	4436
1491	4439
1498	4441
1501	4444
1489	4446
1462	4449
1447	4451
1461	4453
1486	4456
1497	4458
1501	4461
1495	4463
1470	4465
1443	4468
1431	4470
1453	4473
1483	4475
1494	4477
1508	4481
1520	4483
1503	4486
1463	4488
1452	4490
1461	4493
1484	4495
1494	4498
1495	4500
1492	4502
1486	4505
1459	4507
1448	4510
1461	4512
1476	4514
1483	4517
1492	4519
1507	4523
1510	4525
1473	4528
1445	4530
1453	4532
1485	4535
1498	4537
1507	4540
1507	4542
1508	4544
1489	4547
1479	4549
1486	4552
1512	4554
1527	4556
1533	4559
1537	4561
1536	4564
1514	4567
1493	4569
1489	4572
1508	4574
1521	4577
1519	4579
1514	4581
1510	4584
1494	4586
1466	4589
1452	4591
1468	4593
1479	4596
1490	4598
1504	4601
1505	4603
1485	4606
1449	4609
1438	4611
1459	4614
1481	4616
1491	4619
1502	4621
1502	4623
1487	4626
1441	4628
1421	4631
1439	4633
1470	4635
1484	4638
1489	4640
1487	4643
1478	4645
1456	4647
1444	4651
1468	4653
1503	4656
1508	4658
1501	4660
1494	4663
1479	4665
1445	4668
1435	4670
1453	4672
1492	4675
1512	4677
1517	4680
1517	4682
1499	4685
1455	4687
1437	4689
1462	4692
1495	4695
1519	4698
1520	4700
1519	4702
1520	4705
1494	4707
1475	4710
1479	4712
1507	4714
1518	4717
1521	4719
1525	4722
1527	4724
1495	4726
1466	4729
1465	4731
1493	4734
1503	4737
1500	4739
1495	4742
1499	4744
1494	4747
1474	4749
1461	4751
1484	4754
1506	4756
1509	4759
1509	4761
1508	4764
1489	4766
1445	4768
1432	4771
1467	4773
1502	4776
1509	4779
1510	4781
1501	4784
1488	4786
1452	4789
1433	4791
1452	4793
1481	4796
1491	4798
1490	4801
1486	4803
1477	4805
1461	4808
1453	4810
1458	4813
1479	4815
1496	4817
1510	4820
1512	4823
1496	4826
1452	4828
1428	4830
1438	4833
1473	4835
1498	4838
1514	4840
1521	4843
1517	4845
1485	4847
1474	4850
1493	4852
1518	4855
1531	4857
1531	4859
1532	4862
1538	4865
1512	4868
1484	4870
1481	4872
1508	4875
1519	4877
1523	4880
1522	4882
1517	4884
1489	4887
1466	4889
1459	4892
1480	4894
1502	4896
1510	4899
1511	4901
1508	4904
1495	4907
1477	4910
1463	4912
1481	4914
1498	4917
1496	4919
1491	4922
1490	4924
1473	4926
1439	4929
1428	4931
1453	4934
1480	4936
1491	4938
1500	4941
1506	4943
1503	4946
1468	4948
1441	4951
1451	4954
1476	4956
1486	4959
1492	4961
1495	4963
1481	4966
1452	4968
1428	4971
1437	4973
1469	4975
1491	4978
1501	4980
1500	4983
1487	4985
1455	4988
1449	4990
1464	4993
1487	4996
1489	4998
1487	5001
1482	5003
1472	5005
1440	5008
1424	5010
1429	5013
1459	5015
1474	5017
1473	5020
1473	5022
1479	5025
1458	5027
1431	5029
1427	5032
1458	5035
1481	5038
1494	5040
1488	5042
1486	5045
1460	5047
1432	5050
1431	5052
1465	5055
1486	5057
1489	5059
1496	5062
1509	5064
1498	5067
1465	5069
1451	5071
1469	5074
1486	5076
1498	5080
1514	5082
1524	5084
1510	5087
1470	5089
1450	5092
1468	5094
1501	5096
1523	5099
1536	5101
1540	5104
1539	5106
1524	5108
1513	5111
1509	5113
1531	5116
1567	5118
1598	5122
1598	5124
1585	5126
1570	5129
1565	5131
1564	5134
1559	5136
1581	5138
1632	5141
1650	5143
1628	5146
1585	5148
1576	5150
1576	5153
1577	5155
1572	5158
1563	5160
1549	5163
1547	5166
1529	5168
1502	5171
1492	5173
1526	5175
1553	5178
1541	5180
1521	5183
1511	5185
1473	5187
1447	5190
1457	5192
1480	5195
1497	5197
1499	5199
1495	5202
1487	5204
1459	5208
1427	5210
1427	5213
1461	5215
1475	5217
1475	5220
1485	5222
1498	5225
1487	5227
1461	5229
1432	5232
1441	5234
1467	5237
1473	5239
1467	5241
1454	5244
1441	5246
1422	5250
1414	5252
1426	5254
1452	5257
1479	5259
1488	5262
1471	5264
1445	5266
1416	5269
1409	5271
1429	5274
1444	5276
1443	5278
1439	5281
1439	5283
1447	5286
1446	5288
1433	5291
1417	5294
1423	5296
1428	5299
1443	5301
1451	5303
1439	5306
1399	5308
1375	5311
1373	5313
1391	5316
1411	5318
1430	5320
1443	5323
1436	5325
1399	5328
1385	5330
1397	5332
1426	5336
1441	5338
1447	5341
1451	5343
1454	5345
1434	5348
1419	5350
1419	5353
1445	5355
1471	5357
1472	5360
1459	5362
1458	5365
1448	5367
1429	5369
1420	5372
1435	5374
1450	5378
1457	5380
1462	5382
1458	5385
1440	5387
1436	5390
1445	5392
1453	5394
1464	5397
1480	5399
1493	5402
1491	5404
1465	5407
1452	5409
1465	5411
1498	5414
1535	5416
1547	5420
1569	5422
1595	5424
1573	5427
1500	5429
1477	5432
1497	5434
1551	5436
1590	5439
1562	5441
1536	5444
1546	5446
1541	5448
1507	5451
1476	5453
1480	5456
1491	5458
1495	5460
1488	5464
1487	5466
1461	5469
1437	5471
1435	5474
1453	5476
1469	5478
1511	5481
1533	5483
1503	5486
1464	5488
1426	5490
1431	5493
1478	5495
1487	5498
1465	5500
1448	5502
1442	5506
1429	5508
1427	5511
1417	5513
1427	5515
1444	5518
1470	5520
1500	5523
1497	5525
1443	5527
1405	5530
1415	5532
1450	5535
1484	5537
1486	5539
1487	5542
1490	5544
1463	5548
1427	5550
1415	5553
1435	5555
1455	5557
1470	5560
1474	5562
1468	5565
1454	5567
1417	5569
1392	5572
1412	5574
1433	5577
1433	5579
1436	5581
1441	5584
1444	5586
1445	5590
1436	5592
1422	5594
1434	5597
1435	5599
1431	5602
1430	5604
1429	5606
1411	5609
1409	5611
1412	5614
1421	5616
1423	5619
1432	5621
1448	5623
1456	5626
1419	5628
1394	5632
1399	5634
1418	5636
1441	5639
1478	5641
1495	5644
1475	5646
1444	5648
1427	5651
1438	5653
1476	5656
1495	5658
1484	5660
1478	5663
1467	5665
1431	5668
1419	5670
1433	5672
1463	5676
1478	5678
1483	5681
1477	5683
1472	5685
1452	5688
1434	5690
1437	5693
1466	5695
1463	5697
1448	5700
1450	5702
1464	5705
1454	5707
1419	5710
1400	5712
1410	5714
1433	5718
1441	5720
1449	5723
1462	5725
1461	5727
1434	5730
1422	5732
1438	5735
1455	5737
1468	5739
1468	5742
1459	5744
1447	5747
1424	5749
1424	5751
1445	5754
1479	5756
1496	5760
1501	5762
1483	5764
1463	5767
1423	5769
1411	5772
1427	5774
1449	5776
1452	5779
1458	5781
1463	5784
1474	5786
1460	5789
1438	5791
1430	5793
1453	5796
1469	5798
1482	5801
1500	5804
1506	5806
1477	5809
1447	5811
1455	5814
1492	5816
1515	5818
1513	5821
1513	5823
1516	5826
1502	5828
1477	5830
1452	5833
1461	5835
1487	5838
1507	5840
1502	5842
1488	5846
1460	5848
1436	5851
1432	5853
1468	5855
1487	5858
1479	5860
1477	5863
1471	5865
1447	5868
1431	5870
1434	5872
1448	5875
1473	5877
1480	5880
1477	5882
1482	5884
1482	5888
1453	5890
1434	5893
1470	5895
1512	5897
1530	5900
1521	5902
1512	5905
1504	5907
1476	5909
1472	5912
1505	5914
1525	5917
1515	5919
1507	5921
1505	5924
1501	5926
1479	5929
1465	5932
1472	5934
1494	5937
1493	5939
1489	5942
1489	5944
1492	5947
1462	5949
1432	5951
1428	5954
1453	5956
1481	5959
1496	5961
1495	5963
1494	5966
1470	5968
1443	5971
1444	5974
1482	5976
1501	5979
1498	5981
1494	5984
1485	5986
1467	5988
1465	5991
1481	5993
1501	5996
1508	5998
1504	6000
1500	6003
1496	6005
1485	6008
1472	6010
1445	6013
1448	6016
1466	6018
1480	6021
1497	6023
1498	6026
1478	6028
1448	6030
1436	6033
1453	6035
1488	6038
1500	6040
1502	6042
1505	6045
1488	6047
1456	6050
1446	6052
1458	6054
1482	6057
1492	6060
1504	6063
1512	6065
1505	6067
1476	6070
1454	6072
1458	6075
1492	6077
1502	6079
1499	6082
1503	6084
1509	6087
1477	6089
1465	6092
1490	6094
1514	6096
1518	6099
1518	6102
1519	6105
1515	6107
1483	6109
1453	6112
1454	6114
1488	6117
1511	6119
1516	6121
1521	6124
1523	6126
1496	6129
1471	6131
1469	6133
1502	6136
1515	6138
1509	6141
1503	6144
1499	6146
1478	6149
1459	6151
1467	6154
1487	6156
1485	6159
1475	6161
1472	6163
1468	6166
1440	6168
1415	6171
1405	6173
1430	6175
1450	6178
1465	6180
1488	6183
1493	6185
1472	6188
1454	6191
1450	6193
1453	6196
1463	6198
1457	6200
1460	6203
1476	6205
1464	6208
1423	6210
1409	6212
1433	6215
1459	6217
1482	6220
1491	6222
1488	6224
1484	6227
1455	6230
1439	6233
1455	6235
1493	6238
1502	6240
1490	6242
1476	6245
1458	6247
1420	6250
1404	6252
1423	6254
1456	6257
1471	6259
1480	6262
1496	6264
1499	6266
1451	6269
1414	6272
1411	6275
1437	6277
1459	6279
1475	6282
1479	6284
1478	6287
1466	6289
1472	6291
1481	6294
1488	6296
1489	6299
1490	6301
1490	6304
1485	6306
1467	6308
1442	6311
1431	6313
1455	6317
1482	6319
1489	6321
1487	6324
1483	6326
1448	6329
1419	6331
1404	6333
1425	6336
1448	6338
1454	6341
1465	6343
1482	6345
1475	6348
1455	6350
1452	6353
1471	6355
1503	6358
1511	6361
1518	6363
1524	6366
1521	6368
1491	6371
1471	6373
1481	6375
1499	6378
1508	6380
1512	6383
1515	6385
1504	6387
1468	6390
1463	6392
1482	6395
1501	6397
1504	6400
1503	6403
1507	6405
1523	6408
1500	6410
1470	6412
1478	6415
1510	6417
1514	6420
1511	6422
1511	6424
1511	6427
1484	6429
1464	6432
1464	6434
1476	6436
1492	6439
1503	6441
1508	6445
1511	6447
1492	6450
1475	6452
1472	6454
1482	6457
1502	6459
1515	6462
1503	6464
1492	6466
1467	6469
1433	6471
1428	6474
1461	6476
1484	6478
1494	6481
1498	6483
1493	6487
1473	6489
1435	6491
1421	6494
1457	6496
1498	6499
1506	6501
1497	6503
1498	6506
1494	6508
1482	6511
1470	6513
1472	6515
1486	6518
1492	6520
1496	6523
1504	6525
1496	6528
1460	6531
1447	6533
1467	6536
1496	6538
1508	6540
1516	6543
1505	6545
1486	6548
1458	6550
1447	6553
1461	6555
1480	6557
1492	6560
1504	6562
1514	6565
1511	6567
1479	6569
1465	6573
1492	6575
1532	6578
1545	6580
1548	6582
1533	6585
1520	6587
1492	6590
1474	6592
1474	6594
1495	6597
1511	6599
1521	6602
1530	6604
1522	6606
1481	6609
1452	6611
1454	6615
1485	6617
1505	6619
1510	6622
1508	6624
1500	6627
1472	6629
1439	6632
1421	6634
1438	6636
1465	6639
1485	6641
1495	6644
1497	6646
1480	6648
1460	6651
1447	6653
1453	6657
1480	6659
1491	6661
1497	6664
1505	6666
1494	6669
1461	6671
1444	6673
1458	6676
1481	6678
1487	6681
1489	6683
1497	6685
1489	6688
1460	6690
1441	6693
1437	6695
1453	6697
1467	6701
1481	6703
1480	6706
1461	6708
1428	6710
1415	6713
1430	6715
1463	6718
1467	6720
1470	6723
1474	6725
1478	6727
1449	6730
1420	6732
1422	6735
1447	6737
1477	6739
1482	6743
1471	6745
1466	6748
1443	6750
1423	6752
1429	6755
1451	6757
1459	6760
1464	6762
1481	6764
1495	6767
1480	6769
1466	6772
1454	6774
1473	6776
1487	6779
1490	6781
1497	6785
1509	6787
1490	6789
1457	6792
1443	6794
1463	6797
1490	6799
1511	6802
1519	6804
1512	6806
1488	6809
1453	6811
1443	6814
1475	6816
1509	6818
1513	6821
1510	6823
1508	6827
1492	6829
1461	6831
1448	6834
1460	6836
1489	6839
1510	6841
1515	6843
1513	6846
1517	6848
1495	6851
1466	6853
1461	6855
1481	6858
1492	6860
1498	6863
1497	6865
1494	6867
1480	6871
1477	6873
1476	6876
1491	6878
1498	6880
1504	6883
1508	6885
1495	6888
1466	6890
1457	6893
1462	6895
1484	6897
1494	6900
1495	6902
1491	6905
1484	6907
1454	6909
1437	6913
1466	6915
1503	6918
1511	6920
1494	6922
1494	6925
1496	6927
1473	6930
1465	6932
1473	6934
1474	6937
1475	6939
1478	6942
1494	6944
1512	6946
1490	6949
1447	6951
1441	6955
1474	6957
1498	6960
1513	6962
1523	6964
1517	6967
1483	6969
1444	6972
1433	6974
1457	6976
1480	6979
1490	6981
1494	6984
1493	6986
1479	6988
1445	6991
1432	6993
1453	6996
1480	6999
1490	7001
1492	7004
1486	7006
1474	7009
1437	7011
1423	7013
1443	7016
1483	7018
1508	7021
1513	7023
1497	7025
1472	7028
1437	7030
1404	7033
1412	7035
1449	7038
1469	7041
1475	7043
1471	7046
1457	7048
1428	7051
1415	7053
1423	7055
1462	7058
1491	7060
1489	7063
1480	7065
1475	7067
1447	7070
1431	7072
1435	7075
1457	7077
1470	7079
1478	7083
1485	7085
1491	7088
1478	7090
1463	7092
1460	7095
1485	7097
1501	7100
1509	7102
1511	7104
1517	7107
1517	7109
1506	7112
1492	7114
1512	7117
1534	7119
1537	7121
1531	7124
1524	7127
1511	7130
1486	7132
1472	7134
1499	7137
1526	7139
1528	7142
1538	7144
1553	7146
1546	7149
1507	7151
1486	7154
1485	7156
1504	7158
1512	7161
1520	7163
1543	7166
1571	7169
1564	7171
1519	7174
1504	7176
1536	7179
1582	7181
1615	7184
1603	7186
1558	7188
1514	7191
1484	7193
1493	7196
1531	7198
1555	7200
1548	7203
1536	7205
1528	7208
1492	7211
1457	7213
1448	7216
1464	7218
1473	7221
1473	7223
1476	7225
1484	7228
1465	7230
1435	7233
1435	7235
1464	7237
1488	7240
1484	7242
1485	7245
1485	7247
1447	7249
1408	7252
1410	7255
1460	7258
1485	7260
1489	7263
1499	7265
1500	7267
1465	7270
1425	7272
1415	7275
1437	7277
1455	7279
1459	7282
1465	7284
1472	7287
1470	7289
1446	7291
1416	7294
1432	7297
1457	7300
1467	7302
1470	7304
1458	7307
1441	7309
1416	7312
1417	7314
1440	7316
1464	7319
1474	7321
1477	7324
1474	7326
1470	7328
1441	7331
1423	7333
1444	7336
1476	7339
1480	7342
1477	7344
1471	7346
1464	7349
1450	7351
1445	7354
1455	7356
1466	7358
1460	7361
1458	7363
1462	7366
1468	7368
1447	7370
1431	7373
1432	7375
1464	7378
1480	7380
1495	7383
1503	7386
1487	7388
1449	7391
1443	7393
1456	7395
1473	7398
1474	7400
1476	7403
1496	7405
1513	7407
1480	7410
1435	7412
1424	7415
1456	7417
1475	7420
1474	7422
1468	7425
1457	7428
1433	7430
1405	7433
1406	7435
1452	7437
1487	7440
1493	7442
1495	7445
1494	7447
1488	7449
1467	7452
1439	7454
1452	7457
1487	7459
1510	7461
1518	7464
1503	7467
1499	7470
1494	7472
1488	7474
1486	7477
1501	7479
1517	7482
1527	7484
1528	7487
1514	7489
1475	7491
1462	7494
1472	7496
1491	7499
1497	7501
1532	7503
1564	7506
1543	7508
1506	7512
1489	7514
1500	7516
1517	7519
1519	7521
1516	7524
1527	7526
1541	7528
1504	7531
1474	7533
1466	7536
1499	7538
1526	7540
1529	7543
1521	7545
1511	7548
1464	7550
1434	7554
1444	7556
1464	7558
1477	7561
1482	7563
1501	7566
1504	7568
1477	7570
1459	7573
1453	7575
1463	7578
1468	7580
1466	7582
1473	7585
1485	7587
1467	7590
1433	7592
1423	7595
1457	7598
1491	7600
1502	7603
1496	7605
1482	7607
1465	7610
1432	7612
1416	7615
1439	7617
1469	7620
1489	7622
1504	7624
1500	7627
1471	7629
1425	7632
1419	7634
1454	7636
1482	7640
1481	7642
1476	7645
1469	7647
1464	7649
1434	7652
1411	7654
1427	7657
1478	7659
1494	7661
1487	7664
1482	7666
1472	7669
1445	7671
1422	7673
1432	7676
1469	7678
1480	7682
1471	7684
1474	7687
1478	7689
1464	7691
1456	7694
1453	7696
1467	7699
1478	7701
1485	7703
1490	7706
1498	7708
1473	7711
1434	7713
1425	7715
1450	7718
1480	7720
1491	7724
1492	7726
1485	7728
1453	7731
1420	7733
1416	7736
1455	7738
1483	7740
1498	7743
1512	7745
1509	7748
1468	7750
1435	7752
1432	7755
1463	7757
1485	7760
1488	7762
1482	7766
1473	7768
1455	7770
1435	7773
1445	7775
1469	7778
1475	7780
1479	7782
1487	7785
1499	7787
1499	7790
1469	7792
1464	7794
1474	7797
1484	7799
1492	7802
1505	7804
1511	7806
1503	7810
1467	7812
1448	7815
1474	7817
1522	7819
1536	7822
1526	7824
1505	7827
1489	7829
1469	7831
1459	7834
1461	7836
1470	7839
1475	7841
1484	7844
1491	7846
1494	7848
1462	7852
1447	7854
1453	7857
1477	7859
1486	7861
1487	7864
1499	7866
1512	7869
1480	7871
1449	7873
1439	7876
1455	7878
1463	7881
1467	7883
1476	7885
1492	7888
1475	7890
1436	7894
1426	7896
1455	7898
1495	7901
1502	7903
1504	7906
1497	7908
1475	7910
1458	7913
1455	7915
1476	7918
1496	7920
1504	7923
1514	7925
1521	7927
1508	7930
1471	7932
1454	7936
1473	7938
1494	7940
1499	7943
1503	7945
1504	7948
1499	7950
1479	7952
1479	7955
1497	7957
1519	7960
1523	7962
1518	7964
1521	7967
1523	7969
1491	7972
1469	7974
1475	7976
1496	7980
1525	7982
1551	7985
1544	7987
1520	7990
1484	7992
1456	7994
1475	7997
1506	7999
1506	8002
1495	8004
1488	8006
1499	8009
1504	8011
1498	8014
1475	8016
1484	8018
1488	8022
1486	8024
1491	8027
1497	8029
1481	8031
1465	8034
1449	8036
1458	8039
1471	8041
1477	8043
1481	8046
1485	8048
1461	8051
1428	8053
1423	8055
1447	8058
1488	8060
1506	8064
1511	8066
1511	8068
1482	8071
1453	8073
1453	8076
1484	8078
1506	8081
1521	8083
1523	8085
1513	8088
1490	8090
1469	8093
1481	8095
1504	8097
1501	8100
1494	8102
1493	8105
1496	8108
1501	8110
1488	8113
1470	8115
1462	8118
1481	8120
1497	8122
1515	8125
1540	8127
1538	8130
1482	8132
1443	8134
1450	8137
1485	8139
1500	8142
1514	8144
1528	8146
1525	8150
1492	8152
1467	8155
1457	8157
1466	8160
1478	8162
1490	8164
1496	8167
1490	8169
1471	8172
1466	8174
1472	8176
1490	8179
1500	8181
1505	8184
1511	8186
1513	8188
1479	8192
1453	8194
1437	8197
1457	8199
1475	8201
1482	8204
1486	8206
1479	8209
1443	8211
1417	8213
1415	8216
1450	8218
1483	8221
1501	8223
1513	8225
1510	8228
1481	8230
1447	8233
1441	8236
1469	8239
1501	8241
1499	8243
1493	8246
1490	8248
1472	8251
1446	8253
1445	8255
1478	8258
1508	8260
1521	8263
1522	8265
1517	8267
1488	8270
1432	8272
1405	8275
1424	8278
1460	8280
1480	8283
1490	8285
1499	8288
1508	8290
1479	8292
1447	8295
1450	8297
1484	8300
1503	8302
1501	8304
1497	8307
1494	8309
1461	8312
1438	8314
1458	8317
1505	8320
1522	8322
1520	8325
1515	8327
1506	8330
1469	8332
1446	8334
1452	8337
1497	8339
1537	8342
1547	8344
1532	8346
1511	8349
1480	8351
1443	8354
1431	8356
1458	8358
1479	8361
1491	8364
1497	8367
1501	8369
1478	8371
1453	8374
1453	8376
1484	8379
1514	8381
1519	8383
1504	8386
1496	8388
1473	8391
1444	8393
1432	8396
1444	8398
1472	8400
1498	8403
1518	8406
1520	8409
1495	8411
1461	8413
1445	8416
1459	8418
1484	8421
1507	8423
1505	8425
1495	8428
1487	8430
1469	8433
1461	8435
1460	8437
1472	8440
1473	8442
1470	8445
1464	8448
1459	8450
1434	8453
1425	8455
1450	8458
1500	8460
1527	8462
1533	8465
1536	8467
1521	8470
1476	8472
1448	8474
1455	8477
1502	8479
1533	8482
1537	8484
1537	8487
1536	8489
1497	8492
1452	8495
1442	8497
1463	8500
1479	8502
1491	8504
1504	8507
1514	8509
1503	8512
1479	8514
1467	8516
1486	8519
1506	8521
1519	8524
1521	8526
1510	8528
1474	8531
1450	8534
1438	8537
1466	8539
1508	8541
1526	8544
1530	8546
1532	8549
1518	8551
1497	8553
1482	8556
1482	8558
1505	8561
1517	8563
1513	8566
1505	8568
1488	8570
1454	8573
1439	8576
1451	8579
1482	8581
1499	8583
1500	8586
1492	8588
1479	8591
1451	8593
1447	8595
1466	8598
1488	8600
1495	8603
1507	8605
1521	8607
1524	8610
1490	8612
1472	8615
1487	8617
1502	8620
1500	8623
1505	8625
1510	8628
1509	8630
1474	8633
1440	8635
1434	8637
1463	8640
1481	8642
1484	8645
1483	8647
1481	8649
1463	8652
1458	8654
1469	8657
1491	8659
1504	8662
1507	8665
1506	8667
1509	8670
1488	8672
1454	8674
1442	8677
1470	8679
1496	8682
1513	8684
1522	8686
1525	8689
1513	8691
1498	8694
1492	8696
1517	8699
1530	8701
1526	8704
1513	8707
1504	8709
1487	8712
1466	8714
1459	8716
1469	8719
1489	8721
1495	8724
1512	8726
1532	8728
1514	8731
1466	8733
1443	8736
1454	8738
1467	8740
1473	8743
1480	8745
1478	8749
1467	8751
1455	8753
1460	8756
1466	8758
1477	8761
1488	8763
1514	8766
1517	8768
1494	8770
1458	8773
1441	8775
1449	8778
1473	8780
1477	8782
1479	8785
1497	8787
1517	8791
1475	8793
1443	8795
1450	8798
1468	8800
1475	8803
1488	8805
1499	8807
1505	8810
1483	8812
1467	8815
1478	8817
1520	8819
1542	8822
1541	8824
1537	8827
1527	8829
1504	8833
1476	8835
1463	8837
1483	8840
1512	8842
1544	8845
1552	8847
1533	8849
1492	8852
1468	8854
1460	8857
1488	8859
1507	8861
1500	8864
1495	8866
1502	8869
1495	8871
1462	8873
1445	8877
1453	8879
1475	8882
1492	8884
1506	8886
1508	8889
1486	8891
1440	8894
1417	8896
1429	8898
1445	8901
1459	8903
1481	8906
1499	8908
1482	8911
1442	8913
1438	8915
1474	8919
1495	8921
1482	8924
1463	8926
1457	8928
1455	8931
1430	8933
1424	8936
1447	8938
1471	8940
1481	8943
1488	8945
1490	8948
1479	8950
1445	8952
1429	8955
1440	8957
1464	8961
1487	8963
1514	8965
1527	8968
1521	8970
1478	8973
1442	8975
1444	8978
1486	8980
1515	8982
1514	8985
1509	8987
1501	8990
1480	8992
1461	8994
1468	8997
1500	8999
1518	9003
1518	9005
1515	9007
1498	9010
1459	9012
1437	9015
1430	9017
1453	9019
1474	9022
1484	9024
1495	9027
1504	9029
1485	9031
1467	9034
1473	9036
1498	9039
1509	9041
1505	9043
1502	9047
1499	9049
1493	9052
1468	9054
1458	9057
1467	9059
1478	9061
1486	9064
1486	9066
1480	9069
1473	9071
1447	9073
1419	9076
1421	9078
1449	9081
1464	9083
1471	9085
1460	9089
1453	9091
1420	9094
1404	9096
1422	9098
1447	9101
1445	9103
1444	9106
1447	9108
1453	9110
1433	9113
1417	9115
1431	9118
1480	9120
1514	9122
1512	9125
1499	9127
1485	9131
1459	9133
1445	9136
1459	9138
1501	9140
1541	9143
1553	9145
1543	9148
1542	9150
1525	9152
1498	9155
1488	9157
1503	9160
1505	9162
1507	9164
1528	9167
1546	9169
1519	9172
1492	9175
1466	9177
1492	9180
1531	9182
1535	9185
1521	9187
1518	9189
1490	9192
1454	9194
1450	9197
1478	9199
1515	9202
1534	9204
1534	9206
1528	9209
1509	9211
1460	9214
1435	9217
1451	9219
1465	9222
1459	9224
1457	9227
1465	9229
1469	9231
1441	9234
1416	9236
1416	9239
1455	9241
1477	9243
1490	9246
1487	9248
1477	9251
1437	9253
1412	9255
1416	9259
1446	9261
1476	9264
1494	9266
1494	9269
1479	9271
1454	9273
1433	9276
1423	9278
1441	9281
1473	9283
1499	9285
1488	9288
1468	9290
1436	9293
1422	9295
1425	9297
1448	9300
1456	9303
1456	9306
1454	9308
1451	9310
1439	9313
1433	9315
1437	9318
1458	9320
1487	9322
1516	9325
1529	9327
1530	9330
1510	9332
1488	9334
1477	9337
1501	9339
1520	9342
1525	9345
1532	9348
1544	9350
1530	9352
1495	9355
1482	9357
1489	9360
1509	9362
1526	9364
1549	9367
1557	9369
1525	9372
1475	9374
1454	9376
1464	9379
1478	9381
1479	9384
1475	9387
1480	9389
1478	9392
1441	9394
1417	9397
1428	9399
1452	9402
1454	9404
1452	9406
1458	9409
1468	9411
1460	9414
1453	9416
1442	9418
1458	9421
1465	9423
1460	9426
1461	9428
1476	9431
1460	9434
1435	9436
1436	9439
1460	9441
1483	9443
1502	9446
1509	9448
1502	9451
1465	9453
1433	9455
1432	9458
1470	9460
1509	9463
1519	9465
1505	9468
1494	9470
1467	9473
1458	9476
1469	9478
1509	9481
1528	9483
1523	9485
1521	9488
1514	9490
1487	9493
1470	9495
1475	9497
1511	9500
1537	9502
1531	9505
1537	9507
1548	9509
1516	9512
1458	9515
1433	9518
1446	9520
1480	9522
1516	9525
1546	9527
1536	9530
1491	9532
1445	9535
1424	9537
1440	9539
1462	9542
1472	9544
1501	9547
1541	9549
1540	9551
1491	9554
1459	9556
1463	9560
1480	9562
1483	9564
1484	9567
1486	9569
1488	9572
1460	9574
1435	9576
1446	9579
1483	9581
1489	9584
1490	9586
1491	9588
1488	9591
1464	9593
1448	9596
1441	9598
1453	9602
1458	9604
1470	9606
1493	9609
1511	9611
1499	9614
1478	9616
1467	9618
1472	9621
1479	9623
1484	9626
1493	9628
1493	9630
1463	9633
1446	9635
1444	9638
1476	9640
1494	9643
1490	9646
1495	9648
1508	9651
1484	9653
1439	9655
1425	9658
1449	9660
1478	9663
1492	9665
1502	9667
1494	9670
1466	9672
1442	9675
1450	9677
1481	9680
1506	9682
1494	9684
1486	9688
1485	9690
1477	9693
1450	9695
1435	9697
1446	9700
1465	9702
1486	9705
1507	9707
1501	9709
1473	9712
1428	9714
1416	9717
1447	9719
1479	9721
1483	9724
1487	9726
1494	9730
1510	9732
1505	9734
1480	9737
1465	9739
1475	9742
1478	9744
1493	9746
1512	9749
1519	9751
1481	9754
1458	9756
1459	9759
1479	9761
1494	9763
1508	9766
1515	9768
1525	9772
1529	9774
1518	9776
1487	9779
1494	9781
1508	9784
1516	9786
1516	9788
1510	9791
1492	9793
1465	9796
1448	9798
1476	9800
1513	9803
1526	9805
1515	9808
1498	9810
1467	9812
1441	9816
1426	9818
1429	9821
1447	9823
1467	9825
1482	9828
1476	9830
1442	9833
1401	9835
1395	9838
1423	9840
1462	9842
1475	9845
1478	9847
1467	9850
1445	9852
1427	9854
1429	9858
1444	9860
1458	9863
1466	9865
1469	9867
1465	9870
1464	9872
1453	9875
1456	9877
1473	9879
1497	9882
1511	9884
1515	9887
1510	9889
1496	9891
1456	9894
1435	9896
1446	9900
1473	9902
1484	9905
1492	9907
1495	9909
1494	9912
1460	9914
1435	9917
1440	9919
1479	9921
1513	9924
1529	9926
1528	9929
1533	9931
1519	9933
1484	9936
1462	9938
1482	9942
1504	9944
1515	9946
1517	9949
1520	9951
1494	9954
1478	9956
1481	9958
1499	9961
1503	9963
1498	9966
1492	9968
1485	9971
1458	9973
1435	9975
1439	9978
1474	9980
1493	9984
1496	9986
1498	9988
1489	9991
1462	9993
1423	9996
1415	9998
1436	10000
1462	10003
1468	10005
1476	10008
1481	10010
1472	10013
1447	10015
1434	10018
1451	10020
1481	10023
1499	10025
1513	10028
1514	10031
1492	10033
1452	10036
1436	10038
1460	10041
1484	10043
1488	10046
1497	10048
1515	10051
1500	10053
1444	10055
1417	10058
1435	10060
1461	10063
1479	10065
1486	10068
1481	10071
1455	10074
1429	10076
1427	10079
1464	10081
1496	10083
1502	10086
1496	10088
1493	10091
1475	10093
1450	10096
1443	10098
1471	10101
1494	10103
1493	10106
1494	10108
1494	10110
1474	10114
1444	10116
1435	10119
1460	10121
1490	10124
1506	10126
1502	10129
1489	10131
1451	10134
1427	10136
1431	10139
1455	10141
1477	10143
1493	10146
1509	10148
1513	10151
1471	10153
1433	10157
1427	10159
1455	10162
1478	10164
1492	10167
1497	10169
1490	10171
1464	10174
1448	10176
1445	10179
1472	10181
1495	10184
1493	10186
1480	10189
1471	10191
1440	10194
1418	10196
1427	10199
1463	10202
1490	10204
1501	10207
1500	10209
1498	10212
1476	10214
1445	10217
1439	10219
1467	10222
1486	10224
1488	10227
1492	10229
1496	10231
1462	10234
1432	10236
1438	10240
1475	10242
1500	10245
1512	10247
1514	10250
1510	10252
1477	10255
1450	10257
1453	10259
1480	10262
1491	10264
1491	10267
1488	10269
1481	10272
1450	10274
1434	10277
1443	10279
1462	10283
1484	10285
1494	10287
1497	10290
1491	10292
1458	10295
1447	10297
1464	10300
1497	10302
1507	10305
1504	10307
1500	10310
1504	10312
1474	10315
1458	10317
1475	10319
1503	10322
1519	10324
1532	10328
1537	10330
1527	10333
1486	10335
1461	10338
1469	10340
1494	10343
1497	10345
1496	10347
1500	10350
1506	10352
1489	10355
1479	10357
1490	10360
1506	10362
1507	10365
1515	10368
1520	10371
1509	10373
1482	10375
1470	10378
1467	10380
1483	10383
1489	10385
1489	10388
1484	10390
1475	10393
1439	10395
1422	10398
1442	10400
1479	10403
1495	10405
1505	10407
1506	10411
1499	10413
1482	10416
1465	10418
1455	10421
1472	10423
1481	10426
1486	10428
1492	10431
1482	10433
1452	10435
1449	10438
1487	10440
1527	10443
1526	10445
1509	10448
1502	10450
1500	10454
1483	10456
1462	10459
1465	10461
1483	10463
1491	10466
1500	10468
1508	10471
1496	10473
1462	10476
1448	10478
1450	10481
1467	10483
1480	10486
1485	10488
1474	10490
1458	10493
1436	10496
1429	10499
1446	10501
1465	10504
1467	10506
1464	10509
1463	10511
1454	10514
1432	10516
1421	10519
1439	10521
1461	10523
1469	10526
1479	10528
1484	10531
1469	10533
1445	10536
1434	10539
1451	10542
1467	10544
1469	10547
1483	10549
1518	10551
1512	10554
1461	10556
1437	10559
1453	10561
1464	10564
1477	10566
1492	10569
1485	10571
1452	10574
1413	10576
1395	10578
1414	10582
1444	10584
1461	10587
1473	10589
1487	10592
1476	10594
1443	10597
1428	10599
1448	10602
1471	10604
1484	10607
1491	10609
1486	10611
1455	10614
1435	10616
1436	10619
1459	10621
1472	10625
1479	10627
1489	10630
1486	10632
1459	10635
1436	10637
1437	10639
1469	10642
1487	10644
1497	10647
1505	10649
1501	10652
1458	10654
1428	10657
1415	10659
1445	10662
1478	10664
1492	10667
1491	10670
1487	10672
1464	10675
1442	10677
1441	10680
1473	10682
1499	10685
1506	10687
1501	10690
1500	10692
1474	10694
1447	10697
1449	10699
1480	10702
1496	10704
1501	10707
1495	10710
1484	10713
1455	10715
1433	10718
1434	10720
1461	10723
1479	10725
1490	10727
1492	10730
1490	10732
1465	10735
1450	10737
1462	10740
1493	10742
1506	10745
1506	10747
1508	10750
1512	10753
1490	10755
1468	10758
1462	10760
1491	10763
1519	10765
1517	10768
1508	10770
1504	10773
1478	10775
1463	10778
1471	10780
1496	10782
1506	10785
1509	10787
1510	10790
1507	10792
1485	10796
1478	10798
1487	10801
1509	10803
1522	10806
1532	10808
1533	10811
1516	10813
1473	10815
1449	10818
1458	10820
1488	10823
1503	10825
1507	10828
1502	10830
1495	10833
1468	10835
1457	10839
1468	10841
1483	10843
1497	10846
1507	10848
1521	10851
1519	10853
1474	10856
1443	10858
1452	10861
1478	10863
1485	10866
1482	10868
1479	10870
1479	10873
1458	10875
1440	10878
1448	10881
1477	10884
1490	10886
1501	10889
1508	10891
1497	10894
1463	10896
1443	10898
1466	10901
1520	10903
1547	10906
1540	10908
1520	10911
1497	10913
1458	10916
1438	10918
1456	10921
1488	10924
1498	10927
1508	10929
1518	10931
1506	10934
1478	10936
1447	10939
1447	10941
1470	10944
1473	10946
1480	10949
1503	10951
1516	10954
1485	10956
1489	10958
1522	10961
1530	10963
1502	10967
1488	10969
1484	10972
1487	10974
1469	10977
1445	10979
1445	10982
1467	10984
1484	10986
1498	10989
1499	10991
1479	10994
1454	10996
1450	10999
1462	11001
1485	11004
1495	11006
1500	11010
1504	11012
1484	11015
1451	11017
1442	11019
1464	11022
1490	11024
1495	11027
1495	11029
1498	11032
1503	11034
1476	11037
1453	11039
1461	11042
1479	11044
1487	11046
1492	11049
1497	11052
1486	11055
1454	11057
1435	11060
1455	11062
1485	11065
1493	11067
1488	11070
1483	11072
1469	11074
1457	11077
1460	11079
1480	11082
1479	11084
1472	11087
1465	11089
1465	11092
1450	11095
1424	11098
1410	11100
1431	11102
1449	11105
1455	11107
1472	11110
1496	11112
1475	11115
1436	11117
1432	11120
1470	11122
1495	11125
1500	11127
1495	11130
1488	11132
1460	11134
1427	11138
1430	11140
1475	11143
1496	11145
1488	11148
1485	11150
1488	11153
1463	11155
1441	11158
1448	11160
1477	11162
1488	11165
1474	11167
1466	11170
1467	11172
1459	11175
1447	11177
1431	11181
1447	11183
1467	11186
1479	11188
1491	11190
1490	11193
1447	11195
1426	11198
1444	11200
1472	11203
1482	11205
1482	11208
1479	11210
1476	11213
1444	11215
1424	11218
1422	11220
1453	11223
1482	11226
1498	11228
1496	11231
1483	11233
1461	11236
1441	11238
1431	11241
1443	11243
1455	11246
1466	11248
1495	11250
1521	11253
1483	11255
1439	11258
1434	11260
1457	11264
1470	11266
1478	11269
1495	11271
1495	11274
1450	11276
1419	11278
1423	11281
1456	11283
1487	11286
1501	11288
1501	11291
1498	11293
1468	11296
1452	11298
1460	11301
1489	11303
1511	11305
1522	11309
1520	11311
1508	11314
1470	11316
1445	11319
1448	11321
1475	11324
1488	11326
1494	11329
1498	11331
1497	11334
1462	11336
1440	11338
1449	11341
1485	11343
1501	11346
1510	11348
1516	11352
1513	11354
1476	11357
1454	11359
1461	11362
1484	11364
1497	11366
1504	11369
1500	11371
1486	11374
1452	11376
1437	11379
1454	11381
1481	11384
1486	11386
1493	11389
1507	11392
1501	11394
1456	11397
1434	11399
1448	11402
1469	11404
1489	11407
1505	11409
1507	11412
1488	11414
1449	11417
1431	11419
1443	11422
1473	11424
1490	11426
1499	11429
1508	11431
1507	11435
1467	11437
1436	11440
1450	11442
1477	11445
1491	11447
1503	11450
1498	11452
1477	11454
1441	11457
1426	11459
1452	11462
1500	11464
1528	11467
1536	11469
1539	11472
1527	11474
1488	11478
1465	11480
1480	11482
1501	11485
1526	11487
1550	11490
1571	11492
1575	11495
1541	11497
1484	11500
1469	11502
1496	11505
1552	11507
1588	11509
1569	11512
1549	11514
1505	11517
1479	11520
1506	11523
1569	11525
1593	11528
1569	11530
1540	11533
1509	11535
1468	11538
1457	11540
1480	11542
1506	11545
1519	11547
1531	11550
1543	11552
1537	11555
1502	11557
1477	11560
1481	11563
1488	11566
1495	11568
1494	11570
1488	11573
1461	11575
1426	11578
1418	11580
1441	11583
1470	11585
1502	11588
1511	11590
1505	11593
1480	11595
1447	11597
1435	11600
1464	11602
1490	11606
1489	11608
1492	11611
1487	11613
1460	11616
1435	11618
1433	11621
1450	11623
1464	11626
1464	11628
1468	11630
1474	11633
1460	11635
1442	11638
1424	11640
1431	11643
1446	11645
1456	11649
1468	11651
1492	11654
1479	11656
1431	11658
1415	11661
1441	11663
1463	11666
1466	11668
1458	11671
1451	11673
1424	11676
1399	11678
1402	11681
1421	11683
1443	11685
1453	11688
1465	11691
1470	11694
1442	11696
1416	11699
1425	11701
1461	11704
1471	11706
1472	11709
1485	11711
1496	11713
1459	11716
1424	11718
1421	11721
1450	11723
1476	11726
1491	11728
1489	11731
1482	11734
1455	11737
1439	11739
1450	11742
1483	11744
1502	11746
1501	11749
1505	11751
1516	11754
1492	11756
1464	11759
1469	11761
1503	11764
1519	11766
1519	11769
1521	11771
1521	11773
1490	11777
1480	11779
1502	11782
1536	11784
1533	11787
1528	11789
1521	11792
1506	11794
1471	11797
1449	11799
1467	11801
1515	11804
1530	11806
1521	11809
1514	11811
1510	11814
1474	11816
1441	11820
1440	11822
1464	11825
1479	11827
1487	11830
1486	11832
1479	11834
1445	11837
1422	11839
1426	11842
1452	11844
1467	11847
1477	11849
1481	11852
1476	11854
1449	11857
1439	11859
1440	11862
1451	11865
1460	11867
1472	11870
1478	11872
1470	11875
1434	11877
1421	11880
1440	11882
1465	11885
1472	11887
1477	11889
1489	11892
1501	11894
1469	11897
1431	11899
1433	11902
1473	11905
1496	11908
1501	11910
1495	11913
1476	11915
1438	11918
1421	11920
1442	11922
1475	11925
1478	11927
1482	11930
1486	11932
1488	11935
1472	11937
1457	11940
1465	11942
1486	11945
1489	11948
1483	11950
1471	11953
1455	11955
1442	11958
1442	11960
1447	11963
1459	11965
1465	11968
1466	11970
1469	11973
1460	11975
1425	11977
1411	11980
1429	11982
1463	11985
1475	11987
1472	11991
1475	11993
1466	11996
1424	11998
1404	12001
1422	12003
1457	12005
1482	12008
1498	12010
1497	12013
1478	12015
1453	12018
1457	12020
1487	12023
1507	12025
1510	12028
1507	12030
1505	12034
1493	12036
1466	12038
1448	12041
1464	12043
1481	12046
1489	12048
1505	12051
1508	12053
1475	12056
1443	12058
1444	12061
1484	12063
1526	12065
1533	12068
1527	12070
1521	12073
1500	12076
1472	12079
1465	12081
1489	12084
1522	12086
1534	12089
1538	12091
1539	12093
1509	12096
1467	12098
1452	12101
1472	12103
1496	12106
1510	12108
1518	12111
1516	12113
1501	12116
1475	12119
1455	12122
1476	12124
1494	12126
1500	12129
1499	12131
1485	12134
1455	12136
1442	12139
1451	12141
1480	12144
1493	12146
1493	12149
1495	12151
1495	12153
1482	12156
1468	12158
1461	12162
1476	12164
1491	12167
1498	12169
1513	12172
1525	12174
1494	12177
1453	12179
1445	12181
1473	12184
1490	12186
1496	12189
1513	12191
1520	12194
1485	12196
1463	12199
1472	12201
1499	12205
1504	12207
1504	12209
1504	12212
1501	12214
1473	12217
1458	12219
1467	12222
1485	12224
1492	12227
1500	12229
1506	12232
1506	12234
1482	12237
1465	12239
1458	12241
1477	12244
1487	12247
1490	12250
1491	12252
1493	12255
1468	12257
1446	12260
1451	12262
1477	12265
1489	12267
1497	12269
1498	12272
1485	12274
1441	12277
1414	12279
1422	12282
1464	12284
1506	12288
1524	12290
1509	12293
1492	12295
1459	12297
1445	12300
1456	12302
1479	12305
1491	12307
1494	12310
1491	12312
1483	12315
1448	12317
1428	12320
1440	12322
1478	12325
1502	12327
1504	12329
1495	12333
1473	12335
1432	12338
1416	12340
1427	12343
1463	12345
1483	12348
1489	12350
1487	12353
1481	12355
1453	12357
1444	12360
1459	12362
1478	12365
1478	12367
1475	12370
1475	12372
1471	12376
1443	12378
1431	12381
1447	12383
1477	12385
1492	12388
1511	12390
1526	12393
1517	12395
1475	12398
1454	12400
1475	12403
1511	12405
1517	12408
1513	12410
1513	12413
1500	12416
1469	12418
1462	12421
1501	12423
1544	12426
1552	12428
1545	12431
1528	12433
1499	12436
1469	12438
1449	12441
1463	12443
1496	12445
1512	12448
1516	12450
1514	12453
1510	12455
1488	12459
1475	12461
1479	12464
1500	12466
1515	12469
1522	12471
1515	12473
1492	12476
1450	12478
1430	12481
1448	12483
1482	12486
1508	12488
1540	12491
1551	12493
1521	12496
1479	12498
1451	12502
1463	12504
1492	12506
1500	12509
1496	12511
1493	12514
1478	12516
1451	12519
1449	12521
1474	12524
1490	12526
1499	12529
1510	12531
1514	12533
1502	12536
1468	12538
1446	12541
1454	12544
1470	12547
1475	12549
1480	12552
1488	12554
1486	12557
1453	12559
1428	12561
1445	12564
1472	12566
1484	12569
1488	12571
1499	12574
1491	12576
1459	12579
1442	12581
1461	12584
1486	12587
1510	12589
1525	12592
1513	12594
1476	12597
1448	12599
1441	12602
1465	12604
1485	12607
1493	12609
1496	12612
1500	12614
1471	12617
1444	12619
1456	12621
1491	12624
1501	12626
1496	12630
1490	12632
1484	12635
1463	12637
1440	12640
1441	12642
1474	12645
1502	12647
1508	12649
1511	12652
1517	12654
1491	12657
1451	12659
1442	12662
1471	12664
1501	12667
1510	12669
1506	12673
1505	12675
1477	12677
1439	12680
1433	12682
1467	12685
1492	12687
1501	12690
1502	12692
1496	12695
1469	12697
1451	12700
1445	12702
1468	12705
1494	12707
1508	12709
1507	12712
1509	12715
1486	12718
1469	12720
1467	12723
1491	12725
1501	12728
1503	12730
1510	12733
1521	12735
1511	12737
1491	12740
1475	12742
1483	12745
1502	12747
1533	12750
1550	12752
1543	12755
1509	12758
1486	12761
1486	12763
1505	12765
1515	12768
1528	12770
1536	12773
1522	12775
1475	12778
1448	12780
1449	12783
1471	12785
1488	12788
1496	12790
1497	12793
1489	12795
1458	12797
1452	12801
1465	12803
1481	12806
1482	12808
1490	12811
1504	12813
1516	12816
1486	12818
1455	12821
1459	12823
1481	12825
1486	12828
1489	12830
1489	12833
1493	12835
1476	12838
1463	12840
1482	12844
1534	12846
1546	12849
1519	12851
1503	12853
1493	12856
1457	12858
1432	12861
1448	12863
1498	12866
1522	12868
1519	12871
1510	12873
1490	12876
1454	12878
1452	12880
1486	12883
1528	12886
1540	12889
1521	12891
1502	12894
1482	12896
1442	12899
1429	12901
1451	12904
1498	12906
1517	12909
1505	12911
1491	12913
1492	12916
1469	12918
1440	12921
1447	12923
1477	12926
1490	12929
1491	12932
1484	12934
1474	12937
1457	12939
1453	12941
1461	12944
1478	12946
1482	12949
1492	12951
1504	12954
1495	12956
1460	12959
1447	12961
1470	12964
1492	12966
1488	12968
1491	12972
1500	12974
1484	12977
1446	12979
1440	12982
1459	12984
1481	12987
1498	12989
1505	12992
1501	12994
1490	12996
1455	12999
1434	13001
1443	13004
1464	13006
1469	13009
1471	13011
1472	13015
1461	13017
1433	13020
1426	13022
1444	13025
1463	13027
1467	13029
1479	13032
1490	13034
1467	13037
1428	13039
1414	13042
1444	13044
1482	13047
1496	13049
1494	13052
1487	13054
1460	13057
1441	13060
1455	13062
1485	13065
1498	13067
1500	13070
1512	13072
1516	13075
1483	13077
1441	13080
1420	13082
1434	13084
1445	13087
1445	13089
1443	13092
1438	13094
1423	13097
1400	13100
1394	13103
1420	13105
1444	13108
1450	13110
1450	13113
1447	13115
1439	13117
1419	13120
1400	13122
1417	13125
1438	13127
1447	13130
1457	13132
1472	13135
1463	13137
1439	13140
1443	13143
1486	13145
1518	13148
1524	13150
1514	13153
1508	13155
1484	13158
1455	13160
1444	13163
1464	13165
1485	13168
1508	13170
1523	13172
1532	13175
1506	13177
1473	13180
1470	13182
1491	13186
1507	13188
1506	13191
1507	13193
1509	13196
1489	13198
1470	13200
1475	13203
1503	13205
1519	13208
1527	13210
1527	13213
1521	13215
1503	13218
1483	13220
1472	13223
1486	13225
1494	13229
1505	13231
1527	13233
1535	13236
1499	13238
1470	13241
1469	13243
1495	13246
1510	13248
1508	13251
1507	13253
1498	13256
1465	13258
1442	13260
1443	13263
1473	13265
1496	13268
1513	13271
1518	13274
1505	13276
1478	13279
1454	13281
1447	13284
1465	13286
1484	13288
1490	13291
1486	13293
1477	13296
1453	13298
1451	13301
1446	13303
1440	13306
1437	13308
1441	13312
1450	13314
1445	13317
1407	13319
1379	13321
1388	13324
1422	13326
1438	13329
1448	13331
1459	13334
1459	13336
1429	13339
1413	13341
1423	13344
1452	13346
1473	13348
1489	13351
1493	13353
1475	13357
1436	13359
1427	13362
1453	13364
1491	13367
1507	13369
1510	13372
1503	13374
1491	13376
1455	13379
1439	13381
1440	13384
1463	13386
1502	13389
1528	13391
1509	13394
1480	13396
1441	13400
1426	13402
1440	13404
1467	13407
1479	13409
1481	13412
1479	13414
1472	13417
1452	13419
1469	13422
1493	13424
1491	13427
1484	13429
1480	13432
1481	13434
1480	13436
1452	13440
1429	13442
1445	13445
1475	13447
1498	13450
1519	13452
1523	13455
1506	13457
1477	13460
1462	13462
1476	13464
1491	13467
1496	13469
1494	13472
1479	13474
1460	13477
1433	13479
1432	13483
1455	13485
1483	13488
1493	13490
1509	13492
1520	13495
1499	13497
1448	13500
1426	13502
1447	13505
1476	13507
1484	13510
1493	13512
1495	13515
1463	13517
1429	13520
1428	13522
1468	13524
1516	13528
1533	13530
1524	13533
1513	13535
1490	13538
1474	13540
1486	13543
1508	13545
1513	13548
1513	13550
1520	13552
1522	13555
1496	13557
1467	13560
1449	13562
1469	13565
1500	13568
1510	13571
1509	13573
1507	13576
1498	13578
1481	13580
1475	13583
1494	13585
1522	13588
1540	13590
1533	13593
1513	13595
1477	13598
1443	13600
1435	13603
1460	13605
1482	13608
1491	13611
1503	13613
1499	13616
1461	13618
1424	13621
1430	13623
1487	13626
1513	13628
1507	13631
1510	13633
1503	13636
1469	13638
1434	13640
1428	13643
1461	13645
1491	13648
1489	13650
1481	13654
1472	13656
1451	13659
1435	13661
1434	13664
1452	13666
1465	13668
1468	13671
1468	13673
1474	13676
1469	13678
1453	13681
1435	13683
1453	13686
1472	13688
1478	13691
1479	13693
1479	13696
1446	13699
1425	13701
1444	13704
1474	13706
1484	13709
1484	13711
1481	13714
1495	13716
1488	13719
1464	13721
1447	13724
1460	13726
1472	13728
1472	13731
1475	13733
1474	13736
1444	13739
1429	13742
1439	13744
1457	13747
1461	13749
1466	13752
1472	13754
1487	13756
1478	13759
1452	13761
1445	13764
1466	13766
1489	13769
1506	13771
1513	13774
1516	13776
1475	13779
1436	13782
1435	13784
1452	13787
1471	13789
1493	13792
1495	13794
1475	13797
1431	13799
1417	13802
1443	13804
1472	13807
1468	13809
1461	13811
1458	13814
1452	13816
1421	13819
1404	13821
1410	13825
1435	13827
1450	13830
1462	13832
1477	13835
1477	13837
1452	13840
1432	13842
1440	13844
1449	13847
1440	13849
1439	13852
1442	13854
1447	13857
1430	13859
1422	13862
1429	13864
1451	13868
1465	13870
1478	13872
1495	13875
1499	13877
1448	13880
1416	13882
1424	13885
1449	13887
1461	13890
1470	13892
1473	13895
1465	13897
1430	13899
1407	13902
1423	13904
1457	13907
1471	13910
1470	13913
1479	13915
1481	13918
1461	13920
1464	13923
1486	13925
1507	13928
1511	13930
1506	13932
1492	13935
1479	13937
1443	13940
1425	13942
1441	13945
1473	13947
1486	13950
1496	13953
1511	13956
1511	13958
1486	13960
1481	13963
1506	13965
1536	13968
1549	13970
1549	13973
1537	13975
1524	13978
1506	13980
1504	13983
1528	13985
1550	13987
1544	13990
1534	13992
1540	13996
1544	13998
1528	14001
1505	14003
1497	14006
1507	14008
1509	14011
1502	14013
1491	14015
1466	14018
1435	14020
1428	14023
1446	14025
1469	14028
1473	14030
1477	14033
1474	14035
1458	14039
1440	14041
1441	14044
1468	14046
1498	14048
1511	14051
1531	14053
1536	14056
1505	14058
1465	14061
1451	14063
1474	14066
1510	14068
1533	14071
1533	14073
1519	14075
1483	14078
1442	14081
1424	14084
1443	14086
1458	14089
1462	14091
1470	14094
1484	14096
1469	14099
1442	14101
1431	14103
1450	14106
1470	14108
1480	14111
1492	14113
1505	14116
1490	14118
1475	14121
1470	14124
1493	14127
1512	14129
1517	14132
1522	14134
1530	14136
1513	14139
1493	14141
1504	14144
1536	14146
1541	14149
1527	14151
1515	14154
1516	14156
1497	14159
1464	14161
1446	14163
1465	14167
1483	14169
1496	14172
1500	14174
1489	14177
1451	14179
1425	14182
1424	14184
1451	14187
1473	14189
1480	14191
1480	14194
1479	14196
1473	14199
1471	14201
1460	14204
1468	14206
1483	14210
1489	14212
1487	14215
1476	14217
1449	14219
1425	14222
1425	14224
1453	14227
1477	14229
1485	14232
1485	14234
1484	14237
1455	14239
1430	14242
1433	14244
1464	14247
1489	14249
1503	14252
1504	14255
1494	14257
1460	14260
1439	14262
1439	14265
1471	14267
1494	14270
1488	14272
1481	14275
1479	14277
1450	14279
1444	14282
1460	14284
1470	14287
1468	14289
1477	14292
1484	14295
1478	14298
1446	14300
1431	14303
1449	14305
1480	14307
1503	14310
1502	14312
1503	14315
1499	14317
1461	14320
1434	14322
1438	14325
1465	14327
1490	14330
1511	14332
1525	14336
1528	14338
1506	14340
1483	14343
1474	14345
1480	14348
1485	14350
1494	14353
1510	14355
1518	14358
1493	14360
1483	14363
1489	14365
1499	14367
1500	14370
1501	14372
1501	14375
1489	14377
1449	14381
1429	14383
1444	14386
1472	14388
1475	14391
1476	14393
1478	14395
1464	14398
1438	14400
1423	14403
1445	14405
1481	14408
1499	14410
1509	14413
1513	14415
1510	14418
1489	14420
1478	14424
1489	14426
1516	14428
1528	14431
1529	14433
1520	14436
1502	14438
1473	14441
1470	14443
1490	14446
1513	14448
1521	14451
1522	14453
1518	14455
1499	14458
1461	14460
1445	14464
1466	14466
1499	14469
1517	14471
1520	14474
1519	14476
1511	14479
1489	14481
1462	14483
1476	14486
1500	14488
1511	14491
1518	14493
1520	14496
1508	14498
1469	14501
1457	14503
1479	14507
1505	14509
1508	14511
1507	14514
1504	14516
1487	14519
1448	14521
1433	14524
1460	14526
1486	14529
1485	14531
1474	14534
1471	14536
1466	14539
1436	14541
1406	14543
1420	14546
1446	14548
1463	14552
1478	14554
1489	14557
1467	14559
1431	14562
1430	14564
1465	14567
1485	14569
1482	14571
1478	14574
1482	14576
1462	14579
1432	14581
1424	14584
1448	14586
1466	14589
1479	14592
1494	14595
1498	14597
1472	14599
1439	14602
1436	14604
1466	14607
1486	14609
1508	14612
1532	14614
1534	14617
1498	14619
1457	14622
1442	14624
1474	14627
1506	14629
1518	14631
1522	14635
1514	14637
1486	14640
1471	14642
1489	14645
1532	14647
1548	14650
1539	14652
1532	14655
1538	14657
1522	14659
1500	14662
1503	14664
1532	14667
1541	14669
1540	14672
1532	14674
1521	14678
1492	14680
1487	14683
1501	14685
1528	14687
1529	14690
1520	14692
1514	14695
1511	14697
1480	14700
1444	14702
1439	14705
1474	14707
1504	14710
1519	14712
1532	14715
1534	14717
1494	14720
1465	14723
1463	14725
1482	14728
1495	14730
1501	14733
1503	14735
1513	14738
1500	14740
1474	14743
1455	14745
1480	14747
1506	14750
1516	14752
1510	14755
1494	14757
1454	14760
1428	14763
1433	14766
1461	14768
1486	14771
1495	14773
1480	14775
1469	14778
1443	14780
1427	14783
1448	14785
1491	14788
1499	14790
1496	14793
1496	14795
1501	14798
1484	14800
1458	14803
1451	14806
1469	14808
1482	14811
1486	14813
1483	14816
1476	14818
1452	14821
1445	14823
1460	14826
1468	14828
1464	14831
1463	14833
1464	14835
1459	14838
1434	14840
1424	14843
1430	14845
1461	14849
1490	14851
1505	14854
1504	14856
1498	14859
1466	14861
1453	14863
1467	14866
1491	14868
1494	14871
1494	14873
1496	14876
1493	14878
1457	14881
1438	14883
1460	14886
1507	14888
1521	14891
1515	14894
1506	14896
1498	14899
1468	14901
1451	14904
1461	14906
1488	14909
1489	14911
1484	14914
1480	14916
1474	14919
1457	14921
1458	14923
1481	14926
1499	14928
1503	14931
1508	14934
1513	14937
1504	14939
1471	14942
1441	14944
1450	14947
1467	14949
1471	14951
1482	14954
1496	14956
1489	14959
1456	14961
1429	14964
1437	14966
1463	14969
1474	14971
1482	14974
1486	14977
1480	14979
1453	14982
1437	14984
1451	14987
1478	14989
1497	14992
1509	14994
1508	14997
1489	14999
1456	15002
1440	15004
1456	15007
1480	15009
1508	15011
1539	15014
1546	15016
1520	15020
1481	15022
1467	15025
1488	15027
1511	15030
1519	15032
1523	15035
1523	15037
1504	15039
1480	15042
1471	15044
1492	15047
1512	15049
1523	15052
1530	15054
1522	15057
1496	15059
1479	15063
1480	15065
1511	15067
1529	15070
1530	15072
1534	15075
1531	15077
1509	15080
1476	15082
1464	15085
1485	15087
1509	15090
1519	15092
1524	15095
1516	15097
1489	15099
1457	15102
1446	15105
1469	15108
1486	15110
1492	15113
1496	15115
1497	15118
1473	15120
1449	15123
1449	15125
1478	15127
1502	15130
1507	15132
1504	15135
1499	15137
1470	15140
1444	15142
1444	15145
1472	15148
1491	15151
1498	15153
1500	15155
1504	15158
1506	15160
1513	15163
1507	15165
1496	15168
1498	15170
1502	15173
1505	15175
1506	15178
1481	15180
1458	15183
1458	15185
1486	15187
1506	15191
1520	15193
1537	15196
1545	15198
1505	15201
1467	15203
1464	15206
1488	15208
1503	15211
1510	15213
1514	15215
1515	15218
1485	15220
1459	15223
1461	15225
1489	15228
1506	15230
1514	15234
1516	15236
1509	15239
1477	15241
1459	15243
1458	15246
1469	15248
1481	15251
1486	15253
1489	15256
1491	15258
1464	15261
1441	15263
1446	15266
1473	15268
1491	15270
1500	15273
1514	15276
1518	15279
1478	15281
1444	15284
1455	15286
1488	15289
1502	15291
1504	15294
1502	15296
1501	15299
1479	15301
1449	15303
1449	15306
1475	15308
1487	15311
1488	15313
1485	15316
1475	15319
1442	15322
1427	15324
1440	15327
1466	15329
1476	15331
1478	15334
1477	15336
1468	15339
1442	15341
1434	15344
1434	15346
1446	15349
1458	15351
1466	15354
1472	15356
1471	15358
1443	15362
1429	15364
1441	15367
1470	15369
1495	15372
1523	15374
1535	15377
1503	15379
1438	15382
1411	15384
1427	15387
