1518	2
1506	4
1510	7
1528	9
1534	11
1534	13
1529	16
1521	18
1498	20
1487	23
1496	25
1516	27
1525	30
1531	32
1535	34
1526	36
1517	39
1487	41
1469	44
1478	47
1499	49
1517	51
1525	54
1522	56
1505	58
1485	61
1473	63
1471	65
1487	67
1513	70
1521	72
1520	74
1521	77
1518	79
1498	81
1480	84
1486	87
1511	89
1516	91
1510	94
1511	96
1511	98
1495	101
1454	103
1439	105
1461	108
1484	110
1487	112
1486	115
1484	117
1484	120
1471	122
1468	124
1482	128
1502	130
1499	132
1489	135
1481	137
1474	139
1462	142
1458	144
1471	146
1494	149
1505	151
1506	153
1527	156
1535	158
1511	161
1476	163
1460	165
1469	168
1481	171
1489	173
1497	176
1494	178
1489	180
1474	183
1456	185
1455	187
1473	190
1488	192
1494	194
1491	197
1487	199
1481	202
1482	204
1482	206
1497	209
1517	211
1533	214
1539	217
1530	219
1500	221
1482	224
1479	226
1518	228
1541	231
1534	233
1529	236
1519	238
1498	240
1483	243
1478	245
1476	247
1482	250
1488	252
1489	254
1493	258
1495	260
1476	262
1462	265
1476	267
1488	269
1488	272
1489	274
1490	277
1489	279
1471	281
1459	284
1459	286
1483	288
1507	291
1510	293
1500	295
1493	299
1474	301
1446	303
1452	306
1484	308
1496	310
1501	313
1507	315
1508	318
1501	320
1479	322
1454	325
1451	327
1468	329
1480	332
1482	334
1482	336
1486	339
1476	342
1461	344
1454	347
1452	349
1460	351
1468	354
1479	356
1491	359
1483	361
1453	363
1441	366
1456	368
1482	370
1503	373
1520	375
1505	377
1489	380
1467	382
1459	385
1467	388
1481	390
1477	393
1480	395
1484	397
1484	400
1469	402
1454	404
1443	407
1448	409
1462	411
1472	414
1477	416
1477	418
1456	421
1442	423
1434	425
1449	429
1484	431
1507	434
1509	436
1496	438
1478	441
1444	443
1421	445
1424	448
1452	450
1473	452
1479	455
1488	457
1498	459
1472	462
1441	464
1441	466
1466	470
1490	472
1504	475
1512	477
1515	479
1508	482
1484	484
1462	486
1459	489
1469	491
1476	493
1479	496
1480	498
1470	500
1441	503
1428	505
1442	507
1450	510
1451	513
1459	516
1467	518
1468	520
1466	523
1473	525
1461	527
1458	530
1459	532
1461	534
1471	537
1478	539
1463	541
1453	544
1462	546
1476	549
1486	551
1495	553
1505	557
1506	559
1490	561
1462	564
1456	566
1465	568
1479	571
1485	573
1494	575
1490	578
1479	580
1455	582
1451	585
1464	587
1483	590
1492	592
1498	594
1504	598
1517	600
1503	602
1473	605
1464	607
1484	609
1522	612
1545	614
1538	616
1527	619
1510	621
1484	623
1455	626
1464	628
1487	631
1483	633
1477	635
1490	638
1503	641
1461	643
1435	646
1447	648
1477	650
1479	653
1463	655
1458	657
1458	660
1460	662
1478	665
1480	667
1478	669
1481	672
1485	674
1492	676
1490	679
1460	681
1435	684
1428	687
1432	689
1445	691
1452	694
1446	696
1441	698
1436	701
1397	703
1405	706
1437	708
1459	710
1470	713
1469	715
1461	717
1450	720
1427	722
1405	724
1403	728
1415	730
1426	732
1438	735
1446	737
1450	740
1439	742
1412	744
1396	747
1410	749
1437	751
1457	754
1458	756
1455	758
1450	761
1435	763
1429	765
1442	769
1463	771
1474	773
1492	776
1502	778
1480	781
1443	783
1432	785
1432	788
1457	790
1482	792
1483	795
1473	797
1467	799
1464	802
1467	804
1456	806
1455	809
1459	812
1469	815
1489	817
1512	819
1499	822
1475	824
1465	826
1481	829
1486	831
1480	833
1478	836
1478	838
1476	840
1454	843
1445	845
1448	847
1454	850
1463	852
1470	856
1475	858
1478	860
1461	863
1436	865
1413	867
1430	870
1460	872
1482	874
1497	877
1481	879
1456	881
1438	884
1438	886
1466	888
1501	891
1518	893
1523	897
1524	899
1518	901
1487	904
1474	906
1479	908
1484	911
1481	913
1480	915
1479	918
1472	920
1462	922
1471	925
1493	927
1523	930
1542	932
1538	934
1525	937
1512	940
1492	942
1466	945
1460	947
1475	949
1497	952
1497	954
1490	956
1485	959
1491	961
1484	963
1474	966
1471	968
1480	971
1486	973
1506	975
1525	978
1526	980
1498	983
1475	986
1468	988
1497	990
1510	993
1505	995
1497	997
1497	1000
1493	1002
1477	1005
1456	1007
1468	1009
1493	1012
1496	1014
1498	1017
1498	1019
1482	1021
1455	1025
1440	1027
1452	1030
1469	1032
1473	1034
1477	1037
1479	1039
1472	1042
1457	1044
1454	1046
1480	1049
1495	1051
1473	1054
1441	1056
1421	1059
1408	1061
1400	1063
1401	1067
1431	1069
1481	1072
1502	1074
1504	1076
1492	1079
1475	1081
1446	1084
1435	1086
1431	1088
1452	1091
1466	1093
1460	1096
1457	1098
1459	1100
1441	1103
1439	1105
1444	1108
1452	1111
1450	1113
1461	1116
1483	1118
1489	1121
1476	1123
1471	1125
1465	1128
1473	1130
1484	1133
1481	1135
1483	1137
1481	1140
1458	1142
1439	1145
1447	1147
1477	1149
1486	1153
1485	1155
1472	1158
1463	1160
1448	1163
1442	1165
1456	1167
1484	1170
1497	1172
1503	1175
1501	1177
1489	1179
1465	1182
1438	1184
1424	1187
1434	1189
1455	1191
1474	1195
1480	1197
1481	1200
1471	1202
1450	1204
1448	1207
1476	1209
1490	1212
1482	1214
1493	1216
1507	1219
1504	1221
1456	1224
1433	1226
1455	1228
1475	1231
1462	1233
1460	1236
1460	1239
1456	1241
1437	1244
1430	1246
1451	1249
1483	1251
1487	1254
1480	1256
1476	1258
1480	1261
1470	1263
1448	1266
1431	1268
1446	1270
1466	1273
1478	1275
1480	1278
1472	1281
1444	1283
1441	1286
1457	1288
1475	1291
1481	1293
1486	1295
1486	1298
1480	1300
1462	1303
1445	1305
1436	1307
1446	1310
1456	1312
1458	1315
1468	1317
1469	1319
1445	1323
1422	1325
1431	1328
1456	1330
1473	1332
1481	1335
1501	1337
1501	1340
1479	1342
1450	1344
1435	1347
1438	1349
1448	1352
1449	1354
1454	1357
1457	1359
1447	1361
1422	1364
1415	1367
1426	1370
1452	1372
1471	1374
1477	1377
1468	1379
1458	1382
1434	1384
1422	1386
1428	1389
1451	1391
1459	1394
1462	1396
1469	1398
1471	1401
1456	1403
1452	1406
1450	1409
1454	1411
1455	1414
1464	1416
1476	1419
1479	1421
1445	1423
1418	1426
1414	1428
1433	1431
1449	1433
1460	1435
1469	1438
1470	1440
1448	1443
1439	1445
1447	1447
1457	1451
1460	1453
1456	1456
1451	1458
1450	1461
1444	1463
1431	1465
1426	1468
1442	1470
1454	1473
1455	1475
1469	1477
1483	1480
1460	1482
1434	1485
1418	1487
1434	1489
1454	1492
1462	1495
1471	1498
1474	1500
1455	1502
1433	1505
1424	1507
1431	1510
1464	1512
1481	1514
1473	1517
1465	1519
1455	1522
1428	1524
1429	1526
1444	1529
1457	1531
1456	1534
1457	1537
1461	1539
1465	1542
1446	1544
1438	1547
1447	1549
1455	1551
1462	1554
1472	1556
1475	1559
1469	1561
1459	1564
1458	1566
1458	1568
1463	1571
1459	1573
1458	1576
1457	1579
1464	1581
1453	1584
1434	1586
1434	1589
1473	1591
1510	1593
1513	1596
1498	1598
1495	1601
1486	1603
1466	1605
1456	1608
1471	1610
1481	1613
1481	1615
1483	1617
1489	1620
1481	1623
1447	1626
1422	1628
1430	1630
1445	1633
1459	1635
1484	1638
1500	1640
1486	1642
1449	1645
1433	1647
1444	1650
1465	1652
1465	1655
1461	1657
1460	1659
1449	1662
1436	1665
1436	1668
1456	1670
1481	1672
1486	1675
1494	1677
1499	1680
1480	1682
1439	1684
1423	1687
1423	1689
1440	1692
1459	1694
1476	1696
1476	1699
1464	1701
1440	1704
1431	1707
1431	1709
1449	1712
1469	1714
1474	1717
1466	1719
1459	1721
1437	1724
1421	1726
1422	1729
1442	1731
1453	1733
1465	1736
1479	1738
1475	1741
1448	1743
1430	1745
1427	1748
1448	1751
1481	1754
1490	1756
1482	1758
1477	1761
1461	1763
1442	1766
1437	1768
1454	1771
1464	1773
1471	1775
1499	1778
1513	1780
1482	1783
1451	1785
1447	1787
1464	1790
1474	1793
1478	1796
1482	1798
1483	1800
1480	1803
1458	1805
1442	1808
1443	1810
1447	1812
1454	1815
1473	1817
1488	1820
1476	1822
1455	1824
1448	1827
1460	1829
1478	1832
1479	1835
1484	1837
1489	1840
1483	1842
1464	1845
1451	1847
1450	1849
1460	1852
1468	1854
1476	1857
1486	1859
1494	1861
1483	1864
1461	1866
1449	1869
1458	1871
1471	1874
1483	1876
1480	1879
1469	1882
1450	1884
1436	1887
1446	1889
1479	1891
1493	1894
1489	1896
1484	1899
1472	1901
1442	1903
1424	1906
1419	1908
1446	1911
1470	1913
1487	1915
1493	1918
1487	1921
1476	1924
1468	1926
1464	1928
1467	1931
1473	1933
1469	1936
1465	1938
1460	1940
1442	1943
1415	1945
1407	1948
1421	1950
1449	1952
1464	1955
1466	1957
1468	1960
1455	1963
1426	1966
1426	1968
1454	1970
1471	1973
1471	1975
1474	1978
1478	1980
1467	1982
1444	1985
1440	1987
1450	1990
1472	1992
1491	1994
1506	1997
1496	1999
1476	2002
1445	2004
1426	2007
1429	2010
1449	2012
1464	2015
1471	2017
1467	2019
1468	2022
1450	2024
1431	2027
1437	2029
1466	2031
1479	2034
1485	2036
1485	2039
1477	2041
1455	2043
1438	2046
1438	2049
1464	2052
1480	2054
1488	2056
1497	2059
1503	2061
1500	2064
1485	2066
1465	2069
1469	2071
1481	2073
1486	2076
1488	2078
1485	2081
1466	2083
1448	2085
1439	2088
1464	2091
1487	2094
1489	2096
1490	2098
1488	2101
1475	2103
1467	2106
1475	2108
1496	2110
1511	2113
1519	2115
1520	2118
1509	2120
1484	2122
1460	2125
1465	2127
1478	2130
1484	2132
1487	2135
1502	2138
1525	2140
1527	2143
1485	2145
1453	2147
1450	2150
1463	2152
1476	2155
1480	2157
1473	2160
1461	2162
1435	2164
1421	2167
1425	2169
1440	2172
1446	2174
1457	2177
1466	2180
1474	2182
1464	2185
1451	2187
1456	2189
1474	2192
1477	2194
1476	2197
1483	2199
1489	2201
1473	2204
1456	2206
1456	2209
1471	2211
1480	2213
1485	2216
1491	2219
1497	2222
1485	2224
1455	2226
1438	2229
1448	2231
1461	2234
1457	2236
1452	2238
1454	2241
1449	2243
1432	2246
1429	2248
1457	2251
1491	2253
1500	2255
1496	2258
1490	2260
1479	2264
1466	2266
1452	2268
1456	2271
1472	2273
1470	2276
1469	2278
1485	2280
1488	2283
1463	2285
1439	2288
1445	2290
1474	2292
1493	2295
1489	2297
1478	2300
1477	2302
1460	2305
1443	2308
1446	2310
1467	2313
1474	2315
1472	2317
1477	2320
1477	2322
1457	2325
1447	2327
1459	2329
1476	2332
1489	2334
1494	2337
1504	2339
1515	2342
1499	2344
1477	2347
1469	2350
1480	2352
1495	2355
1515	2357
1514	2359
1497	2362
1488	2364
1496	2367
1505	2369
1506	2371
1503	2374
1505	2376
1519	2379
1523	2381
1488	2383
1446	2386
1435	2388
1460	2392
1485	2394
1490	2396
1481	2399
1472	2401
1460	2404
1438	2406
1425	2409
1438	2411
1466	2413
1478	2416
1484	2418
1492	2421
1488	2423
1461	2425
1449	2428
1473	2430
1491	2434
1474	2436
1467	2438
1463	2441
1452	2443
1433	2446
1420	2448
1429	2450
1446	2453
1457	2455
1467	2458
1462	2460
1449	2462
1430	2465
1424	2467
1436	2470
1464	2472
1475	2475
1482	2478
1490	2480
1495	2483
1478	2485
1460	2487
1453	2490
1463	2492
1484	2495
1497	2497
1490	2500
1487	2502
1468	2504
1452	2507
1457	2509
1481	2512
1509	2514
1508	2516
1493	2520
1487	2522
1481	2525
1477	2527
1481	2529
1491	2532
1486	2534
1471	2537
1470	2539
1483	2541
1481	2544
1457	2546
1436	2549
1462	2551
1504	2553
1518	2556
1516	2558
1517	2562
1502	2564
1469	2566
1449	2569
1451	2571
1471	2574
1498	2576
1515	2579
1513	2581
1498	2583
1468	2586
1458	2588
1469	2591
1489	2593
1518	2595
1553	2598
1551	2600
1529	2604
1484	2606
1459	2608
1456	2611
1467	2613
1468	2616
1468	2618
1486	2620
1500	2623
1477	2625
1435	2628
1420	2630
1424	2632
1434	2635
1442	2637
1435	2640
1423	2642
1415	2644
1425	2648
1451	2650
1472	2653
1467	2655
1460	2657
1458	2660
1464	2662
1443	2665
1422	2667
1419	2669
1437	2672
1448	2674
1446	2677
1442	2679
1448	2682
1438	2684
1417	2686
1415	2690
1442	2692
1484	2695
1513	2697
1529	2699
1531	2702
1515	2704
1490	2707
1499	2709
1529	2711
1529	2714
1512	2716
1507	2719
1501	2721
1487	2723
1454	2726
1434	2728
1439	2732
1449	2734
1450	2736
1455	2739
1459	2741
1456	2744
1440	2746
1433	2748
1445	2751
1478	2753
1498	2756
1499	2758
1494	2761
1489	2763
1451	2765
1434	2768
1462	2770
1511	2774
1546	2776
1562	2778
1541	2781
1518	2783
1477	2786
1448	2788
1442	2790
1461	2793
1476	2795
1475	2798
1475	2800
1485	2802
1479	2805
1456	2807
1458	2810
1480	2812
1496	2814
1504	2818
1519	2820
1528	2823
1527	2825
1528	2827
1520	2830
1510	2832
1514	2835
1517	2837
1528	2839
1540	2842
1518	2844
1488	2847
1479	2849
1491	2852
1503	2854
1500	2856
1495	2860
1494	2862
1484	2865
1468	2867
1469	2869
1491	2872
1517	2874
1523	2877
1533	2879
1529	2881
1514	2884
1496	2886
1489	2889
1478	2891
1478	2893
1480	2896
1485	2898
1486	2902
1474	2904
1449	2906
1450	2909
1495	2911
1551	2914
1555	2916
1537	2918
1520	2921
1513	2923
1495	2926
1490	2928
1492	2930
1490	2933
1483	2935
1476	2938
1472	2940
1477	2944
1458	2946
1439	2948
1453	2951
1486	2953
1494	2956
1485	2958
1482	2960
1479	2963
1451	2965
1429	2968
1427	2970
1452	2972
1468	2975
1472	2977
1499	2980
1517	2982
1501	2984
1482	2988
1477	2990
1486	2993
1499	2995
1513	2997
1518	3000
1507	3002
1486	3005
1463	3007
1479	3009
1513	3012
1519	3014
1523	3017
1518	3019
1523	3021
1520	3024
1494	3026
1483	3030
1498	3032
1521	3035
1523	3037
1526	3039
1548	3042
1558	3044
1537	3047
1515	3049
1509	3051
1514	3054
1514	3056
1521	3059
1539	3061
1542	3063
1508	3066
1486	3068
1495	3072
1510	3074
1517	3076
1521	3079
1514	3081
1496	3084
1473	3086
1467	3088
1465	3091
1482	3093
1490	3096
1486	3098
1472	3101
1477	3103
1470	3105
1448	3108
1435	3110
1455	3113
1479	3116
1488	3118
1502	3121
1528	3123
1518	3126
1491	3128
1478	3130
1476	3133
1487	3135
1503	3138
1509	3140
1505	3142
1488	3145
1469	3147
1459	3150
1490	3152
1532	3154
1537	3158
1518	3160
1506	3163
1491	3165
1484	3168
1519	3170
1557	3172
1566	3175
1555	3177
1525	3180
1510	3182
1517	3184
1519	3187
1512	3189
1508	3192
1510	3194
1507	3196
1508	3200
1515	3202
1531	3205
1515	3207
1486	3209
1493	3212
1514	3214
1526	3217
1545	3219
1524	3221
1480	3224
1435	3226
1416	3229
1452	3231
1498	3233
1519	3236
1497	3238
1484	3241
1495	3244
1482	3246
1444	3249
1430	3251
1450	3254
1472	3256
1490	3259
1481	3261
1473	3263
1453	3266
1453	3268
1477	3271
1493	3273
1484	3275
1482	3278
1501	3280
1518	3283
1483	3286
1451	3288
1435	3291
1438	3293
1445	3296
1463	3298
1480	3300
1485	3303
1474	3305
1466	3308
1466	3310
1470	3312
1497	3315
1512	3317
1498	3320
1501	3322
1509	3324
1495	3328
1483	3330
1519	3333
1556	3335
1534	3337
1534	3340
1550	3342
1530	3345
1474	3347
1438	3350
1439	3352
1465	3354
1469	3357
1462	3359
1469	3362
1472	3364
1455	3366
1451	3369
1467	3372
1480	3375
1476	3377
1481	3379
1503	3382
1509	3384
1468	3387
1448	3389
1458	3391
1491	3394
1509	3396
1525	3399
1518	3401
1494	3403
1454	3406
1419	3408
1420	3411
1455	3414
1480	3416
1490	3419
1487	3421
1480	3424
1458	3426
1450	3428
1453	3431
1466	3433
1485	3436
1508	3438
1525	3441
1515	3443
1484	3445
1451	3448
1451	3450
1485	3453
1500	3456
1501	3458
1519	3461
1532	3463
1501	3466
1471	3468
1467	3470
1496	3473
1537	3475
1552	3478
1545	3480
1527	3482
1503	3485
1470	3487
1456	3490
1463	3492
1473	3494
1469	3497
1473	3500
1484	3503
1489	3505
1456	3507
1437	3510
1451	3512
1480	3515
1485	3517
1486	3520
1486	3522
1486	3524
1469	3527
1471	3529
1497	3532
1512	3534
1497	3536
1492	3539
1504	3542
1499	3545
1473	3547
1448	3549
1442	3552
1475	3554
1519	3557
1533	3559
1528	3561
1513	3564
1478	3566
1458	3569
1447	3571
1453	3573
1451	3576
1448	3578
1453	3581
1459	3584
1438	3586
1418	3589
1419	3591
1441	3594
1462	3596
1480	3598
1489	3601
1490	3603
1471	3606
1444	3608
1428	3611
1438	3613
1447	3615
1455	3618
1467	3620
1485	3623
1500	3625
1500	3628
1477	3631
1468	3633
1465	3636
1462	3638
1462	3640
1458	3643
1444	3645
1425	3648
1428	3650
1450	3652
1459	3655
1456	3657
1461	3660
1482	3662
1493	3664
1457	3667
1425	3670
1428	3673
1443	3675
1449	3677
1461	3680
1480	3682
1482	3685
1467	3687
1458	3689
1445	3692
1431	3694
1441	3697
1476	3699
1512	3702
1517	3704
1476	3706
1431	3709
1429	3712
1474	3715
1505	3717
1504	3719
1501	3722
1487	3724
1462	3727
1436	3729
1431	3731
1449	3734
1466	3736
1474	3739
1471	3741
1474	3743
1462	3746
1452	3748
1486	3751
1546	3753
1543	3756
1523	3759
1513	3761
1514	3764
1507	3766
1502	3768
1499	3771
1499	3773
1496	3776
1494	3778
1502	3781
1516	3783
1505	3785
1472	3788
1457	3790
1479	3793
1506	3795
1541	3798
1551	3801
1540	3803
1519	3806
1480	3808
1461	3810
1483	3813
1502	3815
1509	3818
1524	3820
1532	3822
1522	3825
1500	3827
1480	3830
1484	3832
1492	3834
1486	3837
1493	3840
1511	3843
1513	3845
1486	3848
1469	3850
1478	3852
1511	3855
1526	3857
1519	3860
1502	3862
1493	3864
1476	3867
1462	3869
1458	3872
1470	3874
1484	3876
1499	3879
1512	3881
1517	3885
1508	3887
1490	3889
1478	3892
1482	3894
1491	3897
1493	3899
1493	3901
1491	3904
1468	3906
1457	3909
1458	3911
1477	3913
1486	3916
1497	3918
1508	3921
1512	3923
1506	3927
1490	3929
1483	3931
1490	3934
1519	3936
1546	3939
1533	3941
1504	3943
1473	3946
1454	3948
1458	3951
1473	3953
1485	3955
1490	3958
1496	3960
1496	3963
1508	3965
1515	3968
1514	3971
1520	3973
1535	3976
1542	3978
1551	3980
1553	3983
1532	3985
1500	3988
1496	3990
1518	3992
1540	3995
1539	3997
1532	4000
1528	4002
1516	4005
1478	4007
1456	4009
1462	4013
1478	4015
1489	4018
1500	4020
1507	4022
1507	4025
1484	4027
1447	4030
1431	4032
1452	4034
1468	4037
1456	4039
1443	4042
1446	4044
1441	4046
1426	4049
1411	4051
1432	4055
1461	4057
1474	4059
1469	4062
1467	4064
1454	4067
1435	4069
1436	4071
1476	4074
1511	4076
1517	4079
1511	4081
1500	4083
1479	4086
1469	4088
1460	4091
1469	4093
1486	4097
1501	4099
1521	4101
1527	4104
1508	4106
1497	4109
1506	4111
1527	4113
1518	4116
1501	4118
1488	4121
1474	4123
1454	4125
1430	4128
1429	4130
1455	4133
1493	4135
1499	4137
1499	4141
1507	4143
1523	4146
1512	4148
1485	4150
1480	4153
1494	4155
1509	4158
1538	4160
1564	4162
1575	4165
1553	4167
1523	4170
1502	4172
1502	4174
1515	4177
1524	4179
1521	4183
1515	4185
1517	4188
1522	4190
1505	4192
1495	4195
1494	4197
1497	4200
1496	4202
1495	4204
1480	4207
1471	4209
1471	4212
1493	4214
1524	4216
1535	4219
1517	4221
1506	4225
1484	4227
1468	4229
1481	4232
1512	4234
1511	4237
1506	4239
1517	4241
1525	4244
1519	4246
1508	4249
1504	4251
1516	4253
1522	4256
1520	4258
1531	4261
1536	4263
1518	4267
1505	4269
1499	4271
1516	4274
1551	4276
1559	4279
1542	4281
1555	4283
1573	4286
1552	4288
1557	4291
1580	4293
1604	4295
1600	4298
1591	4300
1578	4303
1561	4305
1536	4307
1522	4311
1524	4313
1535	4316
1554	4318
1562	4320
1555	4323
1532	4325
1490	4328
1471	4330
1498	4332
1521	4335
1508	4337
1493	4340
1478	4342
1466	4345
1438	4347
1416	4349
1420	4353
1443	4355
1454	4358
1455	4360
1464	4362
1477	4365
1460	4367
1420	4370
1413	4372
1436	4374
1454	4377
1464	4379
1469	4382
1465	4384
1443	4386
1417	4389
1414	4391
1447	4395
1497	4397
1532	4399
1515	4402
1489	4404
1468	4407
1438	4409
1436	4412
1463	4414
1476	4416
1466	4419
1466	4421
1486	4424
1499	4426
1489	4428
1457	4431
1452	4433
1466	4436
1473	4439
1487	4441
1493	4444
1473	4446
1442	4449
1435	4451
1437	4453
1443	4456
1448	4458
1457	4461
1465	4463
1465	4465
1446	4468
1449	4470
1463	4473
1479	4475
1476	4477
1468	4481
1471	4483
1477	4486
1452	4488
1434	4491
1443	4493
1471	4495
1479	4498
1483	4500
1493	4503
1497	4505
1467	4507
1443	4510
1453	4512
1485	4515
1491	4517
1482	4519
1470	4523
1471	4525
1468	4528
1456	4530
1446	4532
1466	4535
1482	4537
1488	4540
1488	4542
1476	4544
1449	4547
1435	4549
1442	4552
1468	4554
1497	4556
1526	4559
1547	4561
1551	4564
1548	4567
1552	4570
1562	4572
1567	4574
1552	4577
1561	4579
1610	4582
1648	4584
1644	4586
1601	4589
1592	4591
1623	4594
1638	4596
1602	4598
1572	4601
1562	4603
1573	4606
1554	4609
1514	4611
1474	4614
1467	4616
1463	4619
1455	4621
1443	4623
1428	4626
1401	4628
1392	4631
1402	4633
1452	4635
1505	4638
1498	4640
1453	4643
1423	4645
1374	4648
1352	4651
1361	4653
1375	4656
1385	4658
1403	4661
1424	4663
1429	4665
1408	4668
1386	4670
1389	4673
1415	4675
1427	4677
1420	4680
1401	4682
1391	4685
1372	4687
1361	4689
1372	4692
1401	4695
1432	4698
1452	4700
1446	4702
1435	4705
1411	4707
1390	4710
1392	4712
1407	4715
1420	4717
1433	4719
1466	4722
1492	4724
1489	4727
1435	4729
1403	4731
1418	4734
1442	4737
1435	4740
1428	4742
1429	4744
1427	4747
1410	4749
1396	4752
1408	4754
1430	4756
1429	4759
1435	4761
1446	4764
1435	4766
1413	4768
1407	4771
1410	4773
1421	4776
1436	4779
1456	4782
1455	4784
1436	4786
1421	4789
1424	4791
1429	4794
1450	4796
1480	4798
1481	4801
1461	4803
1450	4806
1441	4808
1432	4810
1427	4813
1440	4815
1449	4818
1442	4820
1442	4823
1457	4826
1448	4828
1421	4831
1402	4833
1409	4835
1419	4838
1422	4840
1420	4843
1427	4845
1419	4847
1428	4850
1463	4852
1485	4855
1475	4857
1472	4859
1471	4862
1475	4865
1460	4868
1435	4870
1425	4873
1436	4875
1453	4877
1468	4880
1472	4882
1468	4885
1459	4887
1441	4889
1435	4892
1443	4894
1443	4897
1438	4899
1444	4901
1451	4904
1449	4907
1437	4910
1437	4912
1454	4914
1505	4917
1538	4919
1511	4922
1474	4924
1446	4926
1425	4929
1410	4931
1413	4934
1431	4936
1447	4938
1466	4941
1475	4943
1475	4946
1475	4948
1475	4951
1456	4954
1448	4956
1446	4959
1444	4961
1445	4964
1442	4966
1416	4968
1409	4971
1433	4973
1479	4976
1488	4978
1495	4980
1494	4983
1479	4985
1448	4988
1428	4990
1424	4993
1445	4996
1485	4998
1511	5001
1505	5003
1483	5005
1458	5008
1448	5010
1440	5013
1437	5015
1442	5017
1453	5020
1458	5022
1455	5025
1441	5027
1411	5029
1406	5032
1426	5035
1441	5038
1461	5040
1478	5043
1483	5045
1466	5047
1436	5050
1418	5052
1429	5055
1447	5057
1455	5059
1461	5062
1460	5064
1447	5067
1434	5069
1435	5071
1446	5074
1470	5076
1491	5080
1503	5082
1484	5084
1470	5087
1446	5089
1437	5092
1450	5094
1467	5096
1463	5099
1459	5101
1458	5104
1462	5106
1469	5109
1472	5111
1462	5113
1465	5116
1467	5118
1468	5122
1461	5124
1458	5126
1458	5129
1470	5131
1473	5134
1469	5136
1459	5138
1461	5141
1481	5143
1500	5146
1480	5148
1451	5150
1458	5153
1482	5155
1492	5158
1475	5160
1465	5163
1464	5166
1475	5168
1496	5171
1483	5173
1464	5175
1460	5178
1461	5180
1462	5183
1457	5185
1433	5187
1409	5190
1426	5192
1477	5195
1492	5197
1476	5200
1464	5202
1470	5204
1480	5208
1470	5210
1454	5213
1456	5215
1484	5217
1516	5220
1528	5222
1533	5225
1528	5227
1492	5229
1465	5232
1462	5234
1473	5237
1493	5239
1515	5241
1521	5244
1506	5246
1463	5250
1435	5252
1456	5254
1502	5257
1506	5259
1491	5262
1477	5264
1471	5266
1446	5269
1427	5271
1433	5274
1470	5276
1486	5279
1479	5281
1506	5283
1555	5286
1526	5288
1481	5292
1453	5294
1456	5296
1462	5299
1470	5301
1478	5304
1472	5306
1438	5308
1426	5311
1438	5313
1465	5316
1471	5318
1463	5320
1450	5323
1439	5325
1417	5328
1398	5330
1399	5332
1419	5336
1444	5338
1448	5341
1452	5343
1469	5345
1470	5348
1437	5350
1420	5353
1436	5355
1451	5357
1463	5360
1472	5362
1463	5365
1444	5367
1429	5370
1426	5372
1434	5374
1438	5378
1441	5380
1457	5383
1473	5385
1462	5387
1436	5390
1431	5392
1443	5395
1468	5397
1491	5399
1506	5402
1510	5404
1485	5407
1444	5409
1427	5411
1446	5414
1483	5416
1507	5420
1524	5422
1530	5424
1523	5427
1493	5429
1475	5432
1472	5434
1482	5436
1478	5439
1475	5441
1479	5444
1475	5446
1456	5449
1429	5451
1427	5453
1457	5456
1485	5458
1513	5462
1527	5464
1505	5466
1477	5469
1463	5471
1452	5474
1471	5476
1474	5478
1472	5481
1476	5483
1476	5486
1444	5488
1417	5490
1417	5493
1450	5495
1474	5498
1487	5500
1499	5502
1490	5506
1471	5508
1469	5511
1470	5513
1479	5515
1507	5518
1517	5520
1509	5523
1512	5525
1498	5528
1470	5530
1460	5532
1474	5535
1496	5537
1532	5540
1560	5542
1569	5544
1565	5548
1522	5550
1493	5553
1505	5555
1519	5557
1520	5560
1528	5562
1538	5565
1544	5567
1550	5569
1544	5572
1537	5574
1558	5577
1575	5579
1564	5581
1543	5584
1515	5586
1467	5590
1433	5592
1443	5595
1497	5597
1541	5599
1547	5602
1541	5604
1530	5607
1499	5609
1484	5611
1474	5614
1475	5616
1471	5619
1483	5621
1500	5623
1509	5626
1506	5628
1515	5632
1508	5634
1490	5636
1479	5639
1471	5641
1467	5644
1466	5646
1458	5648
1462	5651
1486	5653
1533	5656
1536	5658
1492	5660
1475	5663
1484	5665
1481	5668
1443	5670
1425	5672
1439	5676
1465	5678
1481	5681
1508	5683
1531	5686
1524	5688
1472	5690
1444	5693
1446	5695
1457	5698
1466	5700
1471	5702
1471	5705
1464	5707
1450	5710
1442	5712
1454	5714
1491	5718
1522	5720
1556	5723
1555	5725
1536	5727
1517	5730
1509	5732
1500	5735
1502	5737
1503	5739
1513	5742
1524	5744
1527	5747
1515	5749
1529	5752
1543	5754
1539	5756
1544	5760
1551	5762
1535	5765
1532	5767
1524	5769
1505	5772
1496	5774
1512	5777
1512	5779
1501	5781
1492	5784
1486	5786
1477	5789
1473	5791
1472	5793
1482	5796
1503	5798
1529	5801
1545	5804
1537	5806
1504	5809
1486	5811
1478	5814
1491	5816
1519	5818
1537	5821
1534	5823
1540	5826
1535	5828
1514	5831
1513	5833
1527	5835
1530	5838
1520	5840
1507	5843
1489	5846
1494	5848
1518	5851
1523	5853
1515	5856
1511	5858
1509	5860
1497	5863
1485	5865
1475	5868
1450	5870
1448	5872
1467	5875
1478	5877
1478	5880
1478	5882
1479	5884
1456	5888
1411	5890
1396	5893
1416	5895
1446	5897
1459	5900
1470	5902
1486	5905
1495	5907
1468	5910
1445	5912
1444	5914
1462	5917
1473	5919
1477	5922
1476	5924
1486	5926
1485	5929
1452	5932
1419	5935
1431	5937
1447	5939
1463	5942
1485	5944
1494	5947
1476	5949
1448	5951
1447	5954
1467	5956
1485	5959
1494	5961
1496	5963
1497	5966
1484	5968
1461	5971
1448	5974
1463	5976
1482	5979
1499	5981
1526	5984
1540	5986
1525	5989
1512	5991
1511	5993
1520	5996
1536	5998
1542	6001
1533	6003
1523	6005
1515	6008
1501	6010
1509	6013
1527	6016
1541	6018
1553	6021
1565	6023
1564	6026
1537	6028
1493	6030
1474	6033
1474	6035
1487	6038
1488	6040
1475	6042
1456	6045
1439	6047
1417	6050
1411	6052
1431	6055
1474	6057
1482	6060
1473	6063
1469	6065
1467	6068
1446	6070
1437	6072
1453	6075
1471	6077
1463	6080
1465	6082
1473	6084
1477	6087
1451	6089
1429	6092
1432	6094
1463	6096
1488	6099
1510	6102
1523	6105
1521	6107
1507	6109
1502	6112
1503	6114
1519	6117
1553	6119
1567	6122
1543	6124
1517	6126
1482	6129
1464	6131
1466	6134
1497	6136
1527	6138
1531	6141
1522	6144
1525	6147
1527	6149
1519	6151
1517	6154
1533	6156
1537	6159
1521	6161
1505	6163
1497	6166
1485	6168
1467	6171
1466	6173
1487	6175
1511	6178
1527	6180
1542	6183
1552	6185
1532	6189
1496	6191
1481	6193
1478	6196
1482	6198
1491	6201
1506	6203
1507	6205
1487	6208
1452	6210
1440	6213
1458	6215
1488	6217
1516	6220
1536	6222
1544	6225
1526	6227
1480	6230
1447	6233
1440	6235
1457	6238
1469	6240
1476	6242
1475	6245
1473	6247
1451	6250
1433	6252
1437	6255
1459	6257
1473	6259
1480	6262
1485	6264
1482	6267
1467	6269
1449	6272
1442	6275
1464	6277
1497	6280
1515	6282
1515	6284
1521	6287
1503	6289
1477	6292
1454	6294
1474	6296
1508	6299
1522	6301
1521	6304
1503	6306
1475	6308
1450	6311
1454	6313
1483	6317
1517	6319
1514	6322
1495	6324
1483	6326
1476	6329
1459	6331
1440	6334
1448	6336
1465	6338
1480	6341
1490	6343
1497	6346
1490	6348
1459	6350
1445	6353
1462	6355
1494	6359
1517	6361
1546	6363
1546	6366
1519	6368
1487	6371
1487	6373
1511	6375
1529	6378
1520	6380
1522	6383
1538	6385
1560	6388
1546	6390
1517	6392
1507	6395
1518	6397
1532	6401
1536	6403
1543	6405
1545	6408
1525	6410
1497	6413
1503	6415
1530	6417
1537	6420
1533	6422
1534	6425
1530	6427
1522	6429
1527	6432
1536	6434
1548	6437
1556	6439
1569	6441
1575	6445
1550	6447
1522	6450
1501	6452
1473	6454
1477	6457
1487	6459
1493	6462
1518	6464
1524	6466
1475	6469
1431	6471
1417	6474
1426	6476
1446	6478
1452	6481
1471	6483
1495	6487
1487	6489
1446	6491
1432	6494
1446	6496
1475	6499
1492	6501
1503	6504
1516	6506
1533	6508
1527	6511
1505	6513
1482	6516
1476	6518
1471	6520
1463	6523
1456	6525
1461	6529
1462	6531
1484	6533
1512	6536
1518	6538
1508	6541
1499	6543
1492	6545
1485	6548
1455	6550
1418	6553
1418	6555
1460	6557
1491	6560
1504	6562
1508	6565
1492	6567
1447	6569
1414	6573
1402	6575
1408	6578
1420	6580
1443	6583
1462	6585
1472	6587
1452	6590
1424	6592
1406	6595
1416	6597
1416	6599
1417	6602
1435	6604
1453	6607
1460	6609
1444	6611
1448	6615
1469	6617
1474	6620
1474	6622
1484	6624
1488	6627
1476	6629
1441	6632
1427	6634
1446	6636
1471	6639
1496	6641
1522	6644
1529	6646
1519	6648
1504	6651
1500	6653
1514	6657
1519	6659
1520	6661
1530	6664
1540	6666
1538	6669
1512	6671
1494	6674
1502	6676
1526	6678
1528	6681
1521	6683
1509	6686
1497	6688
1471	6690
1445	6693
1429	6695
1433	6699
1448	6701
1473	6703
1487	6706
1486	6708
1473	6711
1486	6713
1505	6715
1507	6718
1503	6720
1502	6723
1504	6725
1517	6727
1521	6730
1517	6732
1508	6735
1525	6737
1539	6739
1539	6743
1531	6745
1525	6748
1504	6750
1485	6753
1495	6755
1537	6757
1557	6760
1558	6762
1562	6765
1556	6767
1539	6769
1517	6772
1507	6774
1508	6777
1516	6779
1513	6781
1510	6785
1514	6787
1514	6790
1512	6792
1508	6794
1499	6797
1524	6799
1557	6802
1559	6804
1531	6806
1506	6809
1483	6811
1467	6814
1469	6816
1470	6818
1466	6821
1465	6823
1464	6827
1459	6829
1444	6832
1438	6834
1436	6836
1445	6839
1454	6841
1466	6844
1467	6846
1453	6848
1434	6851
1434	6853
1441	6856
1451	6858
1452	6860
1462	6863
1481	6865
1490	6868
1462	6871
1430	6873
1431	6876
1451	6878
1477	6881
1486	6883
1481	6885
1479	6888
1477	6890
1480	6893
1479	6895
1486	6897
1494	6900
1507	6902
1518	6905
1506	6907
1478	6909
1463	6913
1463	6915
1472	6918
1472	6920
1469	6923
1469	6925
1469	6927
1467	6930
1464	6932
1478	6935
1508	6937
1511	6939
1494	6942
1483	6944
1475	6947
1480	6949
1487	6951
1480	6955
1467	6957
1473	6960
1474	6962
1473	6964
1472	6967
1468	6969
1442	6972
1441	6974
1467	6976
1479	6979
1482	6981
1486	6984
1476	6986
1458	6989
1432	6991
1404	6993
1404	6996
1430	6999
1449	7002
1469	7004
1495	7006
1495	7009
1456	7011
1438	7014
1458	7016
1495	7018
1499	7021
1485	7023
1486	7026
1488	7028
1463	7030
1442	7033
1450	7035
1472	7038
1498	7041
1527	7043
1548	7046
1523	7048
1481	7051
1456	7053
1458	7055
1474	7058
1479	7060
1482	7063
1487	7065
1482	7068
1454	7070
1423	7072
1425	7075
1447	7077
1460	7080
1476	7083
1480	7085
1476	7088
1476	7090
1487	7093
1511	7095
1516	7097
1497	7100
1478	7102
1468	7105
1462	7107
1451	7109
1425	7112
1409	7114
1425	7117
1461	7119
1482	7121
1484	7124
1471	7127
1462	7130
1444	7132
1439	7135
1452	7137
1480	7139
1493	7142
1496	7144
1514	7147
1522	7149
1490	7151
1443	7154
1438	7156
1476	7159
1509	7161
1527	7163
1526	7166
1509	7169
1475	7172
1467	7174
1488	7176
1532	7179
1547	7181
1518	7184
1495	7186
1493	7188
1483	7191
1464	7193
1452	7196
1456	7198
1466	7201
1474	7203
1492	7205
1518	7208
1516	7211
1487	7214
1465	7216
1468	7218
1470	7221
1467	7223
1476	7226
1494	7228
1487	7230
1464	7233
1455	7235
1470	7238
1476	7240
1480	7242
1475	7245
1464	7247
1450	7250
1435	7252
1434	7255
1441	7258
1440	7260
1431	7263
1426	7265
1426	7267
1415	7270
1388	7272
1378	7275
1400	7277
1423	7280
1415	7282
1405	7284
1401	7287
1398	7289
1385	7292
1385	7294
1398	7297
1420	7300
1433	7302
1449	7305
1466	7307
1463	7309
1441	7312
1417	7314
1415	7317
1436	7319
1462	7321
1472	7324
1461	7326
1453	7329
1434	7331
1415	7333
1412	7336
1433	7339
1462	7342
1481	7344
1490	7347
1491	7349
1470	7351
1443	7354
1441	7356
1457	7359
1486	7361
1514	7363
1525	7366
1511	7368
1479	7371
1451	7373
1438	7375
1451	7378
1468	7380
1479	7384
1481	7386
1478	7388
1454	7391
1423	7393
1424	7396
1465	7398
1494	7400
1497	7403
1499	7405
1500	7408
1474	7410
1438	7412
1419	7415
1427	7417
1445	7420
1458	7422
1468	7426
1469	7428
1459	7430
1435	7433
1430	7435
1451	7438
1474	7440
1481	7442
1493	7445
1506	7447
1512	7450
1492	7452
1465	7454
1456	7457
1471	7459
1486	7462
1493	7464
1501	7467
1509	7470
1500	7472
1491	7475
1492	7477
1503	7479
1511	7482
1518	7484
1527	7487
1535	7489
1515	7492
1496	7494
1492	7496
1503	7499
1514	7501
1522	7504
1517	7506
1504	7508
1480	7512
1469	7514
1469	7517
1485	7519
1520	7521
1553	7524
1560	7526
1550	7529
1524	7531
1509	7533
1517	7536
1545	7538
1556	7541
1552	7543
1545	7545
1544	7548
1537	7550
1511	7554
1491	7556
1506	7559
1516	7561
1510	7563
1505	7566
1499	7568
1487	7571
1470	7573
1475	7575
1495	7578
1505	7580
1499	7583
1496	7585
1493	7587
1476	7590
1436	7592
1418	7596
1439	7598
1469	7600
1490	7603
1503	7605
1497	7608
1485	7610
1476	7612
1476	7615
1481	7617
1488	7620
1495	7622
1503	7625
1499	7627
1491	7629
1469	7632
1462	7634
1472	7638
1497	7640
1505	7642
1506	7645
1506	7647
1502	7650
1482	7652
1483	7654
1489	7657
1500	7659
1505	7662
1517	7664
1525	7666
1502	7669
1458	7671
1438	7674
1459	7676
1484	7678
1480	7682
1464	7684
1458	7687
1467	7689
1463	7692
1458	7694
1473	7696
1499	7699
1502	7701
1502	7704
1512	7706
1526	7708
1527	7711
1514	7713
1503	7716
1516	7718
1532	7720
1545	7724
1561	7726
1576	7729
1555	7731
1536	7733
1535	7736
1545	7738
1562	7741
1580	7743
1586	7745
1580	7748
1555	7750
1516	7753
1499	7755
1513	7757
1544	7760
1553	7762
1535	7766
1516	7768
1499	7771
1482	7773
1473	7775
1480	7778
1501	7780
1504	7783
1503	7785
1507	7787
1513	7790
1499	7792
1487	7795
1492	7797
1512	7799
1513	7802
1501	7804
1502	7808
1513	7810
1521	7812
1528	7815
1525	7817
1520	7820
1524	7822
1524	7824
1520	7827
1511	7829
1493	7832
1493	7834
1517	7837
1540	7839
1540	7841
1529	7844
1527	7846
1537	7849
1529	7852
1495	7854
1478	7857
1492	7859
1508	7862
1517	7864
1527	7866
1527	7869
1505	7871
1484	7874
1484	7876
1505	7878
1523	7881
1538	7883
1538	7886
1517	7888
1494	7890
1472	7894
1472	7896
1493	7899
1507	7901
1506	7903
1530	7906
1557	7908
1564	7911
1524	7913
1498	7916
1500	7918
1524	7920
1530	7923
1527	7925
1521	7928
1512	7930
1497	7932
1485	7936
1493	7938
1520	7941
1537	7943
1533	7945
1519	7948
1508	7950
1488	7953
1481	7955
1486	7957
1493	7960
1497	7962
1506	7965
1524	7967
1524	7970
1495	7972
1493	7974
1516	7977
1533	7980
1537	7983
1535	7985
1526	7987
1507	7990
1473	7992
1454	7995
1457	7997
1469	7999
1473	8002
1468	8004
1465	8007
1460	8009
1433	8011
1411	8014
1415	8016
1448	8019
1464	8022
1463	8024
1446	8027
1434	8029
1433	8032
1431	8034
1426	8036
1453	8039
1487	8041
1502	8044
1509	8046
1517	8049
1502	8051
1469	8053
1456	8056
1479	8058
1509	8061
1524	8064
1536	8066
1545	8069
1551	8071
1530	8074
1513	8076
1520	8078
1563	8081
1607	8083
1613	8086
1582	8088
1562	8090
1535	8093
1518	8095
1510	8098
1513	8100
1513	8102
1505	8105
1495	8108
1488	8111
1468	8113
1466	8115
1482	8118
1502	8120
1507	8123
1510	8125
1505	8128
1511	8130
1510	8132
1500	8135
1486	8137
1490	8140
1510	8142
1523	8144
1514	8147
1500	8150
1475	8153
1462	8155
1467	8157
1479	8160
1490	8162
1502	8165
1524	8167
1548	8169
1550	8172
1534	8174
1507	8177
1503	8179
1509	8181
1515	8184
1504	8186
1489	8189
1482	8192
1483	8194
1489	8197
1501	8199
1499	8202
1498	8204
1507	8207
1523	8209
1525	8211
1512	8214
1503	8216
1515	8219
1526	8221
1534	8223
1548	8226
1569	8228
1586	8231
1541	8233
1495	8236
1482	8239
1486	8241
1494	8244
1518	8246
1533	8248
1531	8251
1515	8253
1515	8256
1526	8258
1539	8260
1543	8263
1537	8265
1524	8268
1503	8270
1483	8272
1475	8275
1482	8278
1500	8281
1511	8283
1525	8286
1536	8288
1532	8290
1487	8293
1455	8295
1453	8298
1493	8300
1530	8302
1537	8305
1550	8307
1561	8310
1523	8312
1479	8314
1471	8317
1482	8320
1490	8323
1486	8325
1490	8327
1501	8330
1503	8332
1515	8335
1531	8337
1529	8339
1517	8342
1489	8344
1468	8347
1460	8349
1438	8351
1409	8354
1411	8356
1469	8359
1518	8361
1520	8365
1520	8367
1531	8369
1534	8372
1512	8374
1492	8377
1486	8379
1488	8381
1508	8384
1553	8386
1566	8389
1538	8391
1494	8393
1475	8396
1480	8398
1500	8401
1505	8403
1494	8406
1472	8409
1461	8411
1449	8414
1458	8416
1476	8418
1492	8421
1512	8423
1548	8426
1575	8428
1562	8431
1539	8433
1533	8435
1550	8438
1561	8440
1554	8443
1537	8445
1533	8448
1537	8451
1521	8453
1508	8456
1511	8458
1528	8460
1530	8463
1523	8465
1512	8468
1526	8470
1519	8472
1479	8475
1459	8477
1471	8480
1484	8482
1491	8484
1487	8487
1477	8489
1477	8493
1482	8495
1478	8497
1487	8500
1493	8502
1490	8505
1486	8507
1488	8510
1498	8512
1501	8514
1483	8517
1491	8519
1511	8522
1519	8524
1526	8526
1517	8529
1497	8531
1472	8535
1456	8537
1469	8539
1511	8542
1523	8544
1525	8547
1516	8549
1491	8551
1456	8554
1438	8556
1441	8559
1449	8561
1450	8563
1456	8566
1461	8568
1464	8571
1442	8573
1426	8576
1426	8579
1450	8581
1473	8584
1481	8586
1475	8589
1473	8591
1460	8593
1444	8596
1439	8598
1461	8601
1478	8603
1489	8605
1510	8608
1517	8610
1482	8613
1463	8615
1463	8617
1491	8621
1509	8623
1504	8626
1499	8628
1508	8630
1497	8633
1474	8635
1463	8638
1460	8640
1450	8642
1433	8645
1434	8647
1453	8650
1444	8652
1413	8654
1402	8657
1422	8659
1461	8663
1479	8665
1466	8668
1441	8670
1417	8672
1401	8675
1405	8677
1449	8680
1494	8682
1504	8684
1490	8687
1485	8689
1472	8692
1446	8694
1436	8696
1448	8699
1467	8701
1478	8705
1491	8707
1506	8709
1500	8712
1464	8714
1446	8717
1456	8719
1483	8721
1515	8724
1532	8726
1526	8729
1503	8731
1464	8734
1440	8736
1449	8738
1482	8741
1505	8743
1515	8747
1513	8749
1510	8751
1490	8754
1471	8756
1484	8759
1512	8761
1511	8763
1501	8766
1497	8768
1488	8771
1466	8773
1457	8775
1457	8778
1470	8780
1483	8783
1487	8785
1492	8787
1488	8791
1467	8793
1448	8796
1446	8798
1467	8801
1474	8803
1471	8805
1476	8808
1479	8810
1458	8813
1435	8815
1431	8817
1451	8820
1467	8822
1479	8825
1497	8827
1520	8829
1517	8833
1495	8835
1486	8838
1493	8840
1489	8842
1482	8845
1479	8847
1493	8850
1484	8852
1439	8854
1444	8857
1491	8859
1512	8862
1499	8864
1494	8866
1487	8869
1483	8871
1462	8875
1446	8877
1439	8880
1450	8882
1456	8884
1459	8887
1462	8889
1462	8892
1439	8894
1424	8896
1436	8899
1462	8901
1476	8904
1503	8906
1543	8908
1563	8911
1542	8913
1523	8916
1537	8919
1554	8921
1551	8924
1547	8926
1537	8929
1512	8931
1476	8933
1457	8936
1452	8938
1479	8941
1495	8943
1481	8945
1478	8948
1497	8950
1483	8953
1454	8955
1450	8958
1467	8961
1486	8963
1495	8966
1497	8968
1501	8971
1497	8973
1476	8975
1467	8978
1480	8980
1492	8983
1495	8985
1501	8987
1504	8990
1468	8992
1428	8995
1415	8997
1429	8999
1442	9003
1454	9005
1460	9008
1467	9010
1485	9012
1509	9015
1513	9017
1503	9020
1488	9022
1481	9025
1479	9027
1474	9029
1455	9032
1428	9034
1436	9037
1459	9039
1474	9041
1497	9044
1515	9047
1520	9050
1527	9052
1518	9054
1492	9057
1471	9059
1480	9062
1485	9064
1501	9066
1517	9069
1515	9071
1473	9074
1436	9076
1442	9078
1491	9081
1512	9083
1492	9086
1490	9089
1505	9091
1488	9094
1458	9096
1461	9099
1510	9101
1524	9104
1498	9106
1476	9108
1467	9111
1447	9113
1433	9116
1444	9118
1479	9120
1485	9123
1470	9125
1466	9128
1469	9131
1474	9133
1473	9136
1468	9138
1472	9141
1477	9143
1473	9145
1473	9148
1483	9150
1483	9153
1483	9155
1485	9157
1476	9160
1464	9162
1459	9165
1460	9167
1463	9170
1458	9172
1451	9175
1458	9178
1466	9180
1454	9183
1443	9185
1446	9187
1447	9190
1426	9192
1378	9195
1359	9197
1381	9199
1411	9202
1416	9204
1406	9207
1401	9209
1395	9211
1378	9214
1391	9217
1422	9220
1453	9222
1467	9224
1492	9227
1513	9229
1502	9232
1484	9234
1479	9237
1484	9239
1507	9241
1538	9244
1533	9246
1492	9249
1465	9251
1434	9253
1413	9256
1407	9259
1442	9262
1470	9264
1468	9266
1474	9269
1478	9271
1448	9274
1415	9276
1421	9278
1460	9281
1465	9283
1441	9286
1428	9288
1427	9290
1424	9293
1419	9295
1422	9298
1451	9300
1474	9304
1495	9306
1506	9308
1501	9311
1500	9313
1484	9316
1449	9318
1447	9320
1459	9323
1463	9325
1463	9328
1467	9330
1473	9332
1456	9335
1439	9337
1448	9340
1471	9342
1495	9345
1504	9348
1488	9350
1480	9353
1478	9355
1479	9357
1481	9360
1490	9362
1501	9365
1511	9367
1508	9370
1498	9372
1473	9374
1467	9377
1500	9379
1528	9382
1509	9384
1495	9387
1492	9390
1488	9392
1481	9395
1486	9397
1483	9399
1481	9402
1478	9404
1489	9407
1511	9409
1507	9411
1459	9414
1440	9416
1450	9419
1472	9421
1478	9423
1489	9426
1498	9428
1488	9432
1458	9434
1442	9437
1451	9439
1472	9441
1497	9444
1509	9446
1503	9449
1496	9451
1486	9453
1483	9456
1488	9458
1500	9461
1502	9463
1505	9465
1507	9468
1495	9470
1480	9474
1480	9476
1501	9478
1530	9481
1533	9483
1513	9486
1500	9488
1490	9490
1471	9493
1447	9495
1438	9498
1446	9500
1477	9503
1482	9505
1469	9507
1463	9510
1456	9512
1430	9516
1419	9518
1427	9520
1446	9523
1453	9525
1448	9528
1442	9530
1447	9532
1448	9535
1455	9537
1457	9540
1456	9542
1462	9544
1475	9547
1477	9549
1475	9552
1459	9554
1448	9556
1449	9560
1469	9562
1483	9565
1482	9567
1484	9570
1517	9572
1524	9574
1489	9577
1467	9579
1471	9582
1482	9584
1499	9586
1517	9589
1515	9591
1472	9594
1441	9596
1432	9598
1439	9602
1453	9604
1467	9607
1468	9609
1456	9611
1434	9614
1417	9616
1415	9619
1462	9621
1531	9623
1558	9626
1534	9628
1521	9631
1521	9633
1506	9636
1486	9638
1500	9640
1522	9644
1536	9646
1542	9649
1531	9651
1499	9653
1451	9656
1422	9658
1431	9661
1448	9663
1450	9665
1448	9668
1446	9670
1450	9673
1438	9675
1430	9677
1452	9680
1489	9682
1498	9686
1500	9688
1506	9690
1498	9693
1459	9695
1445	9698
1465	9700
1505	9702
1524	9705
1508	9707
1483	9710
1481	9712
1485	9715
1490	9717
1476	9719
1479	9722
1492	9724
1502	9728
1500	9730
1491	9732
1471	9735
1449	9737
1442	9740
1458	9742
1473	9744
1478	9747
1476	9749
1477	9752
1460	9754
1440	9756
1447	9759
1469	9761
1476	9764
1464	9766
1468	9768
1492	9772
1490	9774
1455	9777
1445	9779
1488	9781
1523	9784
1532	9786
1526	9789
1511	9791
1488	9794
1463	9796
1438	9798
1439	9801
1453	9803
1462	9806
1465	9808
1452	9810
1437	9814
1422	9816
1438	9819
1483	9821
1512	9823
1507	9826
1501	9828
1503	9831
1521	9833
1526	9835
1505	9838
1492	9840
1516	9843
1539	9845
1531	9847
1506	9850
1498	9852
1491	9856
1501	9858
1510	9861
1511	9863
1507	9865
1518	9868
1535	9870
1518	9873
1476	9875
1451	9877
1449	9880
1493	9882
1509	9885
1471	9887
1440	9889
1422	9892
1400	9894
1400	9897
1423	9900
1461	9902
1479	9905
1494	9907
1499	9910
1490	9912
1469	9914
1439	9917
1438	9919
1465	9922
1488	9924
1480	9927
1481	9929
1498	9931
1489	9934
1464	9936
1457	9939
1479	9942
1498	9944
1506	9947
1489	9949
1482	9952
1465	9954
1432	9956
1427	9959
1439	9961
1436	9964
1430	9966
1430	9968
1444	9971
1466	9973
1467	9976
1454	9978
1453	9980
1471	9984
1471	9986
1458	9989
1449	9991
1444	9994
1427	9996
1420	9998
1447	10001
1518	10003
1565	10006
1555	10008
1541	10011
1538	10013
1496	10015
1461	10018
1453	10020
1460	10023
1482	10025
1517	10029
1526	10031
1498	10034
1478	10036
1488	10039
1509	10041
1510	10043
1503	10046
1504	10048
1501	10051
1489	10053
1456	10056
1427	10058
1425	10061
1456	10063
1479	10066
1490	10068
1497	10072
1511	10074
1492	10076
1453	10079
1438	10081
1444	10084
1452	10086
1475	10089
1524	10091
1545	10094
1491	10096
1436	10099
1424	10101
1426	10103
1429	10106
1433	10108
1432	10112
1415	10114
1391	10117
1384	10119
1399	10122
1420	10124
1457	10127
1488	10129
1486	10131
1457	10134
1440	10136
1434	10139
1442	10141
1448	10144
1451	10146
1467	10149
1494	10151
1506	10155
1492	10157
1478	10160
1474	10162
1477	10164
1484	10167
1483	10169
1466	10172
1435	10174
1399	10177
1398	10179
1432	10182
1456	10184
1471	10187
1498	10189
1505	10191
1465	10194
1438	10196
1447	10200
1467	10202
1468	10205
1499	10207
1520	10210
1493	10212
1462	10215
1463	10217
1481	10219
1513	10222
1572	10224
1594	10227
1566	10229
1534	10232
1507	10234
1505	10237
1529	10240
1556	10243
1543	10245
1519	10247
1498	10250
1483	10252
1487	10255
1482	10257
1469	10260
1478	10262
1472	10265
1455	10267
1436	10270
1423	10272
1414	10275
1430	10277
1445	10279
1453	10283
1453	10285
1440	10288
1428	10290
1432	10293
1416	10295
1396	10298
1411	10300
1470	10303
1496	10305
1472	10307
1442	10310
1429	10312
1419	10315
1416	10317
1411	10320
1408	10322
1408	10326
1407	10328
1409	10331
1416	10333
1415	10335
1418	10338
1431	10340
1451	10343
1470	10345
1486	10348
1486	10350
1464	10353
1430	10355
1406	10358
1412	10360
1454	10363
1477	10365
1459	10368
1447	10371
1448	10373
1437	10376
1434	10378
1436	10381
1442	10383
1454	10386
1468	10388
1460	10391
1442	10393
1415	10395
1403	10398
1410	10400
1426	10403
1453	10405
1488	10408
1485	10411
1455	10414
1411	10416
1395	10419
1416	10421
1451	10423
1455	10426
1449	10428
1444	10431
1460	10433
1470	10436
1454	10438
1440	10441
1457	10443
1478	10446
1527	10448
1555	10451
1515	10454
1455	10456
1422	10459
1420	10461
1435	10464
1442	10466
1458	10469
1471	10471
1468	10474
1449	10476
1429	10479
1416	10481
1427	10483
1441	10486
1445	10488
1448	10491
1448	10493
1425	10497
1403	10499
1421	10502
1475	10504
1510	10507
1509	10509
1490	10511
1451	10514
1415	10516
1398	10519
1398	10521
1405	10524
1413	10526
1429	10529
1449	10531
1463	10534
1457	10536
1444	10539
1432	10542
1453	10544
1456	10547
1444	10549
1439	10552
1440	10554
1434	10557
1434	10559
1442	10562
1450	10564
1455	10567
1462	10569
1468	10571
1458	10574
1422	10576
1405	10579
1414	10582
1432	10585
1437	10587
1431	10590
1428	10592
1419	10595
1403	10597
1398	10599
1418	10602
1455	10604
1504	10607
1548	10609
1534	10612
1495	10614
1445	10617
1423	10619
1421	10622
1429	10625
1439	10627
1449	10630
1464	10632
1468	10635
1431	10637
1404	10640
1417	10642
1449	10645
1468	10647
1471	10650
1466	10652
1435	10655
1409	10657
1430	10659
1479	10662
1493	10664
1483	10668
1484	10670
1483	10673
1464	10675
1435	10678
1426	10680
1449	10683
1474	10685
1512	10687
1562	10690
1565	10692
1510	10695
1450	10697
1422	10700
1423	10702
1428	10705
1435	10707
1460	10711
1495	10713
1500	10715
1455	10718
1405	10720
1411	10723
1432	10725
1443	10728
1445	10730
1435	10733
1410	10735
1399	10738
1419	10740
1489	10742
1544	10745
1532	10747
1500	10750
1488	10753
1469	10756
1435	10758
1415	10761
1426	10763
1463	10766
1504	10768
1509	10771
1483	10773
1459	10775
1437	10778
1437	10780
1494	10783
1530	10785
1504	10788
1474	10790
1453	10793
1429	10796
1425	10799
1431	10801
1457	10803
1499	10806
1528	10808
1504	10811
1474	10813
1441	10816
1414	10818
1411	10821
1438	10823
1455	10826
1456	10828
1455	10830
1474	10833
1510	10835
1513	10839
1468	10841
1447	10844
1437	10846
1426	10849
1417	10851
1414	10854
1416	10856
1431	10858
1422	10861
1415	10863
1433	10866
1452	10868
1460	10871
1451	10873
1423	10876
1404	10878
1412	10882
1433	10884
1442	10887
1447	10889
1447	10891
1444	10894
1424	10896
1411	10899
1424	10901
1458	10904
1479	10906
1491	10909
1509	10911
1503	10914
1451	10916
1413	10918
1409	10921
1429	10924
1445	10927
1458	10929
1488	10932
1516	10934
1487	10937
1443	10939
1436	10942
1458	10944
1461	10946
1460	10949
1471	10951
1474	10954
1447	10956
1431	10959
1435	10961
1454	10964
1478	10967
1492	10970
1484	10972
1477	10975
1468	10977
1488	10979
1495	10982
1484	10984
1469	10987
1458	10989
1452	10992
1466	10994
1490	10997
1486	10999
1454	11002
1461	11004
1487	11006
1498	11010
1476	11012
1446	11015
1414	11017
1410	11020
1455	11022
1508	11025
1509	11027
1495	11030
1486	11032
1473	11034
1441	11037
1418	11039
1424	11042
1442	11044
1447	11047
1453	11049
1473	11053
1500	11055
1494	11058
1468	11060
1465	11062
1488	11065
1488	11067
1474	11070
1465	11072
1449	11075
1429	11077
1438	11080
1468	11082
1488	11085
1512	11087
1536	11090
1518	11092
1483	11095
1456	11098
1456	11100
1475	11103
1501	11105
1509	11108
1503	11110
1489	11113
1486	11115
1476	11118
1464	11120
1470	11122
1503	11125
1508	11127
1477	11130
1456	11132
1442	11136
1422	11138
1414	11141
1422	11143
1434	11146
1452	11148
1480	11150
1517	11153
1532	11155
1499	11158
1454	11160
1437	11163
1444	11165
1477	11168
1505	11170
1502	11173
1491	11175
1473	11179
1444	11181
1459	11183
1478	11186
1458	11188
1446	11191
1464	11193
1475	11196
1456	11198
1466	11201
1502	11203
1527	11206
1526	11208
1482	11210
1439	11213
1406	11215
1393	11218
1434	11220
1490	11224
1487	11226
1459	11229
1448	11231
1468	11234
1477	11236
1456	11238
1442	11241
1470	11243
1496	11246
1481	11248
1458	11251
1459	11253
1441	11256
1412	11258
1408	11261
1427	11264
1442	11267
1458	11269
1457	11271
1438	11274
1412	11276
1389	11279
1396	11281
1438	11284
1461	11286
1449	11289
1435	11291
1426	11294
1405	11296
1386	11298
1384	11301
1414	11303
1439	11307
1453	11309
1472	11312
1498	11314
1498	11317
1455	11319
1429	11322
1443	11324
1462	11326
1479	11329
1477	11331
1481	11334
1490	11336
1472	11339
1446	11341
1441	11344
1449	11346
1470	11350
1483	11352
1481	11354
1443	11357
1433	11359
1453	11362
1474	11364
1467	11367
1457	11369
1456	11372
1469	11374
1467	11377
1454	11379
1448	11382
1470	11384
1488	11386
1475	11389
1459	11392
1453	11395
1426	11397
1406	11400
1416	11402
1446	11405
1453	11407
1459	11410
1479	11412
1466	11414
1417	11417
1381	11419
1379	11422
1406	11424
1425	11427
1435	11429
1442	11432
1457	11435
1448	11438
1440	11440
1444	11442
1475	11445
1509	11447
1521	11450
1513	11452
1515	11455
1515	11457
1496	11460
1474	11462
1476	11465
1482	11467
1490	11470
1498	11472
1481	11474
1433	11478
1400	11480
1393	11483
1412	11485
1436	11488
1472	11490
1506	11493
1511	11495
1462	11498
1417	11500
1401	11502
1411	11505
1433	11507
1465	11510
1475	11512
1459	11515
1418	11517
1399	11521
1411	11523
1442	11526
1469	11528
1495	11530
1499	11533
1484	11535
1454	11538
1445	11540
1459	11543
1479	11545
1498	11548
1507	11550
1496	11553
1477	11555
1444	11558
1428	11560
1442	11563
1479	11566
1497	11568
1503	11571
1519	11573
1550	11576
1537	11578
1483	11581
1460	11583
1460	11586
1461	11588
1467	11590
1484	11593
1498	11595
1479	11598
1463	11600
1478	11603
1507	11606
1518	11609
1523	11611
1537	11614
1532	11616
1496	11618
1478	11621
1520	11623
1552	11626
1529	11628
1523	11631
1546	11633
1547	11636
1530	11638
1519	11641
1523	11643
1525	11646
1521	11649
1504	11651
1473	11654
1437	11656
1397	11659
1384	11661
1411	11664
1448	11666
1463	11669
1466	11671
1470	11674
1461	11676
1449	11678
1460	11681
1481	11683
1481	11686
1471	11688
1470	11692
1480	11694
1468	11697
1436	11699
1424	11702
1430	11704
1443	11706
1457	11709
1480	11711
1497	11714
1471	11716
1434	11719
1410	11721
1421	11724
1445	11726
1483	11729
1516	11731
1511	11735
1466	11737
1442	11739
1431	11742
1452	11744
1480	11747
1505	11749
1514	11752
1504	11754
1487	11757
1473	11759
1472	11762
1483	11764
1491	11766
1500	11769
1510	11771
1513	11774
1475	11777
1429	11780
1408	11782
1431	11785
1462	11787
1459	11790
1451	11792
1454	11794
1441	11797
1415	11799
1413	11802
1445	11804
1479	11807
1493	11809
1487	11812
1474	11814
1452	11817
1453	11820
1486	11823
1512	11825
1514	11827
1520	11830
1520	11832
1515	11835
1495	11837
1477	11840
1464	11842
1477	11845
1493	11847
1507	11850
1512	11852
1504	11854
1476	11857
1450	11859
1433	11863
1444	11865
1457	11868
1462	11870
1462	11873
1466	11875
1478	11878
1489	11880
1472	11882
1453	11885
1460	11887
1481	11890
1493	11892
1501	11895
1504	11897
1499	11900
1497	11902
1501	11906
1494	11908
1490	11910
1487	11913
1484	11915
1468	11918
1469	11920
1486	11923
1502	11925
1503	11928
1509	11930
1504	11933
1489	11935
1459	11938
1463	11940
1496	11942
1525	11945
1531	11948
1513	11951
1481	11953
1461	11956
1435	11958
1433	11961
1454	11963
1477	11966
1485	11968
1484	11970
1478	11973
1476	11975
1464	11978
1457	11980
1470	11983
1502	11985
1529	11988
1525	11991
1497	11994
1469	11996
1468	11998
1485	12001
1474	12003
1460	12006
1456	12008
1468	12011
1477	12013
1470	12016
1441	12018
1424	12021
1438	12023
1467	12026
1472	12028
1478	12030
1486	12034
1491	12036
1468	12039
1437	12041
1433	12044
1454	12046
1482	12049
1524	12051
1541	12054
1514	12056
1470	12058
1460	12061
1476	12063
1485	12066
1474	12068
1477	12071
1498	12073
1512	12077
1494	12079
1480	12082
1472	12084
1477	12086
1474	12089
1472	12091
1470	12094
1466	12096
1456	12099
1455	12101
1490	12104
1512	12106
1487	12109
1475	12111
1482	12114
1480	12116
1448	12119
1426	12122
1453	12124
1489	12127
1508	12129
1545	12132
1555	12134
1508	12137
1457	12139
1439	12142
1459	12144
1483	12146
1479	12149
1458	12151
1464	12154
1499	12156
1511	12160
1478	12162
1468	12165
1473	12167
1474	12170
1483	12172
1491	12174
1483	12177
1467	12179
1449	12182
1455	12184
1465	12187
1474	12189
1477	12192
1471	12194
1455	12197
1442	12199
1428	12203
1445	12205
1507	12207
1550	12210
1551	12212
1513	12215
1477	12217
1446	12220
1441	12222
1460	12225
1471	12227
1468	12230
1464	12232
1473	12234
1462	12237
1459	12239
1494	12242
1517	12244
1498	12248
1477	12250
1482	12253
1500	12255
1478	12258
1439	12260
1425	12262
1439	12265
1452	12267
1464	12270
1482	12272
1514	12275
1535	12277
1537	12280
1533	12282
1541	12285
1545	12288
1538	12290
1526	12293
1535	12295
1545	12298
1558	12300
1565	12303
1568	12305
1558	12308
1553	12310
1568	12313
1579	12315
1552	12318
1520	12320
1505	12322
1542	12325
1582	12327
1567	12331
1529	12333
1484	12336
1447	12338
1432	12341
1445	12343
1493	12346
1529	12348
1532	12350
1539	12353
1554	12355
1526	12358
1476	12360
1450	12363
1464	12365
1493	12368
1505	12370
1507	12374
1496	12376
1469	12378
1432	12381
1412	12383
1412	12386
1409	12388
1412	12391
1420	12393
1433	12396
1437	12398
1440	12401
1422	12403
1420	12406
1422	12408
1443	12410
1463	12413
1456	12416
1419	12419
1397	12421
1402	12424
1427	12426
1450	12429
1459	12431
1455	12434
1455	12436
1456	12438
1476	12441
1483	12443
1467	12446
1458	12448
1457	12451
1492	12453
1528	12456
1507	12459
1450	12462
1423	12464
1426	12466
1425	12469
1422	12471
1439	12474
1452	12476
1428	12479
1404	12481
1405	12484
1417	12486
1421	12489
1419	12491
1421	12494
1435	12496
1417	12498
1382	12502
1385	12504
1415	12507
1438	12509
1445	12512
1449	12514
1477	12517
1488	12519
1464	12522
1440	12524
1444	12526
1448	12529
1460	12531
1482	12534
1495	12536
1470	12539
1460	12541
1481	12545
1498	12547
1479	12550
1477	12552
1499	12554
1488	12557
1452	12559
1437	12562
1454	12564
1497	12567
1539	12569
1561	12572
1534	12574
1477	12577
1426	12579
1409	12581
1430	12584
1447	12587
1462	12590
1472	12592
1463	12595
1441	12597
1433	12600
1457	12602
1469	12605
1454	12607
1441	12610
1450	12612
1479	12614
1483	12617
1442	12619
1417	12622
1432	12624
1472	12627
1504	12630
1505	12633
1477	12635
1462	12638
1471	12640
1504	12642
1516	12645
1494	12647
1463	12650
1458	12652
1458	12655
1446	12657
1439	12660
1464	12662
1495	12665
1495	12667
1487	12669
1486	12673
1480	12675
1460	12678
1436	12680
1415	12683
1421	12685
1436	12688
1439	12690
1450	12693
1472	12695
1478	12698
1460	12700
1446	12702
1467	12705
1475	12707
1469	12710
1486	12712
1486	12716
1458	12718
1428	12721
1412	12723
1423	12726
1443	12728
1445	12730
1450	12733
1456	12735
1446	12738
1428	12740
1427	12743
1447	12745
1458	12748
1458	12750
1468	12753
1480	12755
1464	12758
1439	12761
1436	12763
1466	12766
1495	12768
1506	12771
1510	12773
1513	12776
1499	12778
1470	12781
1477	12783
1496	12786
1480	12788
1465	12790
1458	12793
1444	12795
1418	12798
1393	12801
1391	12804
1412	12806
1423	12809
1428	12811
1434	12814
1445	12816
1447	12818
1447	12821
1440	12823
1460	12826
1481	12828
1478	12831
1458	12833
1458	12836
1461	12838
1461	12841
1471	12844
1493	12846
1495	12849
1491	12851
1494	12854
1491	12856
1480	12859
1472	12861
1454	12864
1447	12866
1436	12869
1437	12871
1439	12873
1447	12876
1439	12878
1422	12881
1421	12883
1443	12887
1460	12889
1465	12892
1468	12894
1477	12897
1467	12899
1460	12902
1467	12904
1494	12906
1510	12909
1508	12911
1509	12914
1520	12916
1507	12919
1478	12921
1461	12924
1485	12926
1531	12930
1557	12932
1540	12934
1506	12937
1460	12939
1420	12942
1402	12944
1415	12947
1434	12949
1449	12952
1448	12954
1439	12957
1427	12959
1405	12961
1407	12964
1439	12966
1448	12969
1433	12972
1448	12975
1466	12977
1439	12980
1422	12982
1442	12985
1468	12987
1473	12990
1470	12992
1475	12994
1504	12997
1527	12999
1521	13002
1514	13004
1546	13007
1560	13009
1552	13012
1539	13015
1521	13018
1526	13020
1547	13022
1554	13025
1527	13027
1505	13030
1485	13032
1469	13035
1456	13037
1428	13040
1410	13042
1409	13045
1427	13047
1472	13049
1516	13052
1518	13054
1492	13058
1461	13060
1441	13063
1426	13065
1426	13068
1426	13070
1442	13073
1482	13075
1502	13077
1452	13080
1412	13082
1417	13085
1442	13087
1452	13090
1451	13092
1449	13095
1439	13097
1422	13101
1409	13103
1411	13106
1421	13108
1429	13110
1446	13113
1464	13115
1455	13118
1434	13120
1461	13123
1494	13125
1492	13128
1495	13130
1486	13133
1451	13135
1421	13137
1401	13140
1418	13143
1471	13146
1497	13148
1477	13151
1447	13153
1439	13156
1431	13158
1411	13161
1402	13163
1416	13165
1434	13168
1446	13170
1473	13173
1501	13175
1534	13178
1534	13180
1483	13184
1463	13186
1477	13189
1491	13191
1494	13194
1505	13196
1532	13198
1535	13201
1511	13203
1484	13206
1455	13208
1429	13211
1429	13213
1462	13216
1470	13218
1428	13221
1399	13223
1410	13225
1437	13229
1464	13231
1500	13234
1512	13236
1457	13239
1407	13241
1366	13244
1369	13246
1405	13249
1442	13251
1446	13253
1432	13256
1412	13258
1395	13261
1396	13263
1430	13266
1462	13268
1463	13272
1460	13274
1460	13277
1442	13279
1429	13282
1442	13284
1463	13286
1487	13289
1512	13291
1512	13294
1501	13296
1464	13299
1409	13301
1378	13304
1397	13306
1431	13309
1448	13312
1437	13314
1425	13317
1402	13319
1387	13322
1390	13324
1437	13327
1490	13329
1508	13332
1502	13334
1474	13337
1437	13339
1411	13341
1409	13344
1443	13346
1472	13349
1476	13351
1481	13355
1496	13357
1509	13360
1498	13362
1476	13365
1481	13367
1484	13369
1477	13372
1461	13374
1447	13377
1436	13379
1441	13382
1442	13384
1465	13387
1487	13389
1479	13392
1457	13394
1444	13398
1429	13400
1427	13402
1440	13405
1454	13407
1454	13410
1468	13412
1493	13415
1503	13417
1472	13420
1429	13422
1426	13425
1445	13427
1478	13429
1498	13432
1482	13434
1455	13437
1437	13440
1438	13443
1465	13445
1515	13448
1533	13450
1509	13453
1491	13455
1475	13457
1442	13460
1419	13462
1412	13465
1439	13467
1472	13470
1486	13472
1482	13475
1492	13477
1489	13480
1499	13483
1502	13486
1487	13488
1465	13490
1456	13493
1463	13495
1462	13498
1433	13500
1424	13503
1459	13505
1492	13508
1483	13510
1469	13513
1460	13515
1457	13517
1447	13520
1435	13522
1429	13526
1443	13528
1460	13531
1464	13533
1460	13536
1445	13538
1412	13541
1392	13543
1400	13545
1426	13548
1430	13550
1424	13553
1431	13555
1448	13558
1450	13560
1453	13563
1466	13565
1492	13569
1496	13571
1493	13573
1499	13576
1500	13578
1494	13581
1510	13583
1533	13586
1545	13588
1548	13591
1543	13593
1519	13596
1494	13598
1463	13601
1461	13603
1500	13605
1549	13608
1576	13611
1577	13614
1564	13616
1546	13619
1510	13621
1484	13624
1476	13626
1482	13629
1487	13631
1498	13633
1497	13636
1481	13638
1461	13641
1450	13643
1462	13646
1487	13648
1498	13651
1492	13654
1483	13657
1474	13659
1465	13661
1470	13664
1493	13666
1506	13669
1506	13671
1508	13674
1502	13676
1489	13679
1477	13681
1469	13684
1478	13686
1487	13689
1501	13691
1514	13693
1517	13697
1504	13699
1498	13702
1513	13704
1536	13707
1535	13709
1520	13712
1503	13714
1484	13717
1448	13719
1414	13721
1419	13724
1449	13726
1471	13729
1483	13731
1486	13734
1484	13736
1474	13740
1460	13742
1447	13745
1444	13747
1463	13749
1505	13752
1545	13754
1566	13757
1559	13759
1547	13762
1530	13764
1517	13767
1512	13769
1509	13772
1512	13774
1527	13777
1524	13779
1507	13782
1489	13785
1499	13787
1508	13790
1515	13792
1519	13795
1519	13797
1502	13800
1484	13802
1473	13805
1489	13807
1506	13809
1516	13812
1530	13814
1526	13817
1501	13819
1459	13822
1428	13825
1444	13828
1488	13830
1522	13833
1523	13835
1517	13837
1502	13840
1486	13842
1474	13845
1474	13847
1482	13850
1489	13852
1496	13855
1500	13857
1492	13860
1485	13862
1480	13864
1490	13868
1499	13870
1497	13873
1497	13875
1497	13878
1478	13880
1458	13883
1454	13885
1476	13888
1491	13890
1498	13893
1499	13895
1497	13897
1479	13900
1461	13902
1458	13905
1485	13907
1515	13911
1535	13913
1533	13916
1510	13918
1465	13921
1439	13923
1441	13925
1456	13928
1468	13930
1479	13933
1485	13935
1480	13938
1457	13940
1444	13943
1453	13945
1478	13948
1495	13950
1514	13953
1521	13956
1509	13958
1480	13961
1465	13963
1497	13966
1543	13968
1533	13971
1515	13973
1520	13976
1523	13978
1490	13981
1462	13983
1462	13985
1485	13988
1501	13990
1533	13993
1564	13996
1558	13999
1511	14001
1478	14004
1470	14006
1472	14009
1465	14011
1464	14013
1458	14016
1448	14018
1429	14021
1438	14023
1469	14026
1503	14028
1512	14031
1508	14033
1497	14036
1479	14039
1458	14041
1459	14044
1478	14046
1497	14049
1504	14051
1509	14054
1501	14056
1488	14059
1468	14061
1464	14064
1482	14066
1500	14069
1507	14071
1525	14073
1543	14076
1534	14078
1518	14082
1519	14084
1525	14087
1523	14089
1515	14092
1509	14094
1503	14097
1494	14099
1477	14101
1471	14104
1483	14106
1498	14109
1497	14111
1488	14114
1497	14116
1521	14119
1516	14121
1492	14125
1491	14127
1505	14129
1519	14132
1528	14134
1525	14137
1507	14139
1486	14142
1478	14144
1490	14147
1508	14149
1519	14152
1531	14154
1533	14157
1526	14159
1507	14161
1490	14164
1493	14167
1506	14170
1510	14172
1508	14175
1498	14177
1486	14180
1464	14182
1456	14185
1466	14187
1480	14189
1486	14192
1489	14194
1481	14197
1455	14199
1430	14202
1433	14204
1466	14208
1512	14210
1552	14213
1559	14215
1537	14217
1507	14220
1478	14222
1455	14225
1450	14227
1457	14230
1462	14232
1470	14235
1477	14237
1467	14240
1448	14242
1443	14244
1468	14247
1499	14249
1513	14253
1510	14255
1505	14258
1488	14260
1467	14263
1463	14265
1483	14268
1498	14270
1516	14273
1540	14275
1549	14277
1523	14280
1490	14282
1480	14285
1501	14287
1523	14290
1536	14292
1528	14296
1519	14298
1505	14301
1495	14303
1493	14305
1505	14308
1511	14310
1517	14313
1528	14315
1530	14318
1504	14320
1479	14323
1475	14325
1498	14328
1517	14330
1523	14332
1517	14336
1512	14338
1500	14341
1496	14343
1500	14346
1515	14348
1527	14351
1540	14353
1549	14356
1545	14358
1519	14361
1503	14363
1504	14365
1513	14368
1505	14370
1495	14373
1484	14375
1476	14379
1465	14381
1465	14384
1482	14386
1502	14389
1504	14391
1507	14393
1514	14396
1508	14398
1470	14401
1449	14403
1451	14406
1468	14408
1482	14411
1485	14413
1472	14416
1454	14418
1426	14420
1425	14424
1454	14426
1488	14429
1494	14431
1494	14434
1491	14436
1482	14439
1456	14441
1441	14444
1453	14446
1480	14449
1500	14451
1517	14453
1516	14456
1504	14458
1472	14461
1452	14464
1459	14467
1483	14469
1501	14472
1512	14474
1517	14477
1517	14479
1496	14481
1473	14484
1464	14486
1477	14489
1497	14491
1506	14494
1497	14496
1481	14499
1457	14501
1449	14504
1461	14507
1483	14509
1492	14512
1494	14514
1497	14517
1497	14519
1481	14522
1466	14524
1465	14527
1473	14529
1482	14532
1499	14534
1510	14536
1507	14539
1486	14541
1472	14544
1470	14546
1483	14550
1495	14552
1512	14555
1515	14557
1511	14560
1497	14562
1493	14565
1492	14567
1502	14569
1509	14572
1520	14574
1534	14577
1532	14579
1506	14582
1487	14584
1498	14587
1527	14589
1542	14593
1549	14595
1559	14597
1548	14600
1510	14602
1490	14605
1501	14607
1517	14610
1530	14612
1552	14615
1570	14617
1554	14620
1510	14622
1480	14624
1483	14627
1502	14629
1510	14632
1511	14635
1508	14638
1491	14640
1458	14643
1449	14645
1464	14648
1487	14650
1492	14653
1489	14655
1489	14657
1486	14660
1472	14662
1475	14665
1497	14667
1516	14670
1516	14672
1515	14675
1515	14678
1499	14681
1470	14683
1457	14685
1475	14688
1496	14690
1501	14693
1501	14695
1495	14698
1480	14700
1465	14703
1459	14705
1468	14708
1481	14710
1489	14712
1492	14715
1488	14717
1472	14721
1456	14723
1451	14726
1463	14728
1471	14731
1477	14733
1491	14736
1500	14738
1491	14740
1471	14743
1461	14745
1470	14748
1484	14750
1486	14753
1493	14755
1499	14758
1488	14760
1462	14764
1451	14766
1466	14769
1483	14771
1492	14773
1498	14776
1501	14778
1488	14781
1470	14783
1465	14786
1480	14788
1495	14791
1513	14793
1531	14796
1537	14798
1522	14800
1507	14803
1507	14806
1529	14809
1549	14811
1567	14814
1582	14816
1578	14819
1542	14821
1506	14824
1493	14826
1500	14828
1504	14831
1503	14833
1498	14836
1489	14838
1470	14841
1454	14843
1452	14846
1469	14849
1482	14852
1487	14854
1487	14857
1483	14859
1464	14861
1452	14864
1459	14866
1483	14869
1500	14871
1511	14874
1519	14876
1518	14879
1507	14881
1498	14884
1499	14886
1512	14888
1524	14892
1534	14894
1539	14897
1537	14899
1510	14902
1490	14904
1489	14907
1504	14909
1512	14912
1514	14914
1512	14916
1506	14919
1482	14921
1466	14924
1458	14926
1474	14929
1487	14931
1491	14935
1493	14937
1495	14940
1479	14942
1462	14944
1463	14947
1482	14949
1488	14952
1483	14954
1481	14957
1481	14959
1464	14962
1451	14964
1456	14967
1476	14969
1487	14972
1494	14974
1499	14977
1501	14980
1482	14982
1469	14985
1470	14987
1486	14990
1494	14992
1497	14995
1498	14997
1496	15000
1478	15002
1466	15004
1471	15007
1487	15009
1493	15012
1497	15014
1497	15017
1497	15020
1479	15023
1465	15025
1464	15028
1482	15030
1494	15032
1502	15035
1506	15037
1506	15040
1488	15042
1477	15045
1485	15047
1504	15050
1514	15052
1520	15055
1522	15057
1519	15060
1498	15063
1487	15065
1495	15068
1513	15070
1521	15073
1525	15075
1526	15078
1520	15080
1496	15083
1482	15085
1489	15088
1506	15090
1514	15092
1516	15095
1515	15097
1506	15100
1484	15102
1476	15106
1489	15108
1507	15111
1513	15113
1519	15116
1522	15118
1518	15120
1497	15123
1486	15125
1494	15128
1511	15130
1519	15133
1524	15135
1527	15138
1523	15140
1506	15143
1497	15145
1504	15149
1519	15151
1525	15153
1528	15156
1527	15158
1517	15161
1494	15163
1481	15166
1491	15168
1505	15171
1510	15173
1511	15176
1509	15178
1495	15180
1471	15183
1459	15185
1469	15188
1480	15191
1482	15194
1484	15196
1485	15199
1472	15201
1452	15204
1446	15206
1458	15208
1477	15211
1486	15213
1494	15216
1496	15218
1486	15221
1463	15223
1453	15226
1467	15228
1484	15232
1489	15234
1490	15237
1489	15239
1477	15241
1457	15244
1454	15246
1473	15249
1492	15251
1498	15254
1502	15256
1505	15259
1498	15261
1484	15264
1478	15266
1489	15268
1499	15271
1502	15273
1504	15277
1504	15279
1489	15282
1472	15284
1469	15287
1489	15289
1505	15292
1510	15294
1510	15296
1510	15299
1499	15301
1480	15304
1475	15306
1494	15309
1513	15311
1520	15314
1522	15316
1523	15320
1510	15322
1493	15324
1489	15327
1508	15329
1524	15332
1531	15334
1535	15337
1537	15339
1522	15342
1505	15344
1504	15347
1522	15349
1536	15352
1543	15354
1546	15356
1546	15360
1528	15362
1511	15365
1509	15367
1526	15370
1537	15372
1539	15375
1538	15377
1537	15380
1517	15382
1500	15384
1499	15387
1516	15389
1525	15392
1525	15394
1521	15397
1517	15399
1496	15403
1473	15405
1467	15408
1481	15410
1490	15412
1490	15415
1489	15417
1486	15420
1465	15422
1447	15425
1445	15427
1461	15430
1471	15432
1474	15435
1476	15437
1474	15440
1453	15442
1438	15444
1441	15448
1464	15450
1485	15453
1495	15455
1492	15458
1481	15460
1456	15463
1440	15465
1443	15468
1460	15470
1469	15472
1472	15475
1474	15477
1469	15480
1447	15482
1436	15485
1440	15488
1460	15491
1471	15493
1475	15496
1475	15498
1473	15500
1452	15503
1437	15505
1439	15508
1456	15510
1467	15513
1472	15515
1475	15518
1475	15520
1456	15523
1445	15525
1449	15527
1465	15531
1475	15533
1480	15536
1482	15538
1479	15541
1459	15543
1449	15546
1459	15548
1483	15551
1499	15553
1509	15556
1509	15558
1498	15560
1473	15563
1463	15565
1473	15568
1491	15570
1499	15574
1502	15576
1503	15579
1502	15581
1482	15584
1471	15586
1478	15588
