1335	9910.0
1336	6927.0
1341	9558.5
1343	8128.0
1344	9907.0
1346	8130.0
1349	6967.0
1352	4651.0
1354	6903.5
1356	6565.0
1357	6930.0
1358	11053.0
1359	9197.0
1360	12189.0
1361	5824.666666666667
1362	6766.0
1364	11557.0
1365	5884.0
1366	13244.0
1368	9929.0
1369	10800.666666666666
1370	9460.0
1371	5307.0
1372	8876.0
1373	10429.8
1374	8130.2
1375	7866.0
1376	13191.0
1377	10025.75
1378	8547.75
1379	12162.8
1380	7979.833333333333
1381	9425.222222222223
1382	9091.5
1383	8593.166666666666
1384	9131.75
1385	9618.545454545454
1386	6328.0
1387	10099.857142857143
1388	8121.666666666667
1389	7953.285714285715
1390	9047.0
1391	9792.5
1392	7700.111111111111
1393	10865.42857142857
1394	5996.142857142857
1395	8386.916666666666
1396	8950.6875
1397	8161.9375
1398	9027.4375
1399	8279.777777777777
1400	9292.888888888889
1401	7392.611111111111
1402	9537.095238095239
1403	5724.08
1404	9503.526315789473
1405	8490.322580645161
1406	8830.08695652174
1407	8812.074074074075
1408	7014.315789473684
1409	8869.625
1410	7607.071428571428
1411	8604.239130434782
1412	8382.74358974359
1413	8153.481481481482
1414	8782.21875
1415	8275.698412698413
1416	7811.961538461538
1417	8050.950819672131
1418	6663.386363636364
1419	8683.67857142857
1420	7766.3442622950815
1421	7893.777777777777
1422	8035.242424242424
1423	7920.90625
1424	7850.223880597015
1425	8142.072463768116
1426	7941.035714285715
1427	8478.356164383562
1428	7282.168674698795
1429	8120.532608695652
1430	7716.407407407408
1431	7904.371428571429
1432	7431.117021276596
1433	8011.968421052631
1434	7898.177777777778
1435	7161.263157894737
1436	7274.28
1437	7667.524752475248
1438	7310.543103448276
1439	8254.451851851853
1440	7374.869158878505
1441	7770.335820895522
1442	7369.523489932886
1443	7386.727272727273
1444	8195.8828125
1445	7555.830645161291
1446	7356.867647058823
1447	7640.66049382716
1448	7157.320512820513
1449	7675.007142857143
1450	7243.390728476821
1451	7197.529032258065
1452	7267.231343283582
1453	7485.267080745341
1454	7451.757575757576
1455	7324.402515723271
1456	7210.044025157233
1457	7065.539877300614
1458	7420.067415730337
1459	7615.130434782609
1460	8041.65625
1461	7640.8729281767955
1462	6794.082352941176
1463	7359.954022988506
1464	7693.414285714286
1465	7681.427083333333
1466	6990.65445026178
1467	7313.377880184332
1468	6982.051546391753
1469	7484.787878787879
1470	7707.700534759359
1471	7389.593406593406
1472	7562.192488262911
1473	6983.783410138249
1474	7294.421052631579
1475	7641.4495412844035
1476	7155.855614973262
1477	7516.850220264318
1478	7568.672727272728
1479	7367.735426008969
1480	7250.764444444444
1481	7623.387434554974
1482	7444.0330188679245
1483	7380.278606965174
1484	6845.375
1485	7345.308510638298
1486	7593.553990610329
1487	7559.258620689655
1488	7315.964757709251
1489	7861.607476635514
1490	7600.753926701571
1491	8347.15873015873
1492	7628.2488038277515
1493	7500.852459016393
1494	7625.5787037037035
1495	7271.648514851485
1496	7603.863905325444
1497	7812.608040201005
1498	8658.45197740113
1499	8116.568181818182
1500	7690.061452513966
1501	7657.813253012048
1502	7971.765100671141
1503	7502.430555555556
1504	8512.662251655629
1505	7683.093167701863
1506	8247.408805031446
1507	8115.668918918919
1508	7768.477987421384
1509	8161.6488549618325
1510	8196.774436090225
1511	7946.918918918919
1512	7566.125
1513	8754.396551724138
1514	7356.018518518518
1515	7748.991304347826
1516	8315.792792792792
1517	7721.785123966943
1518	7119.849557522124
1519	7944.731092436975
1520	8374.051546391753
1521	7574.038095238096
1522	8341.827160493827
1523	7862.955555555555
1524	7703.277777777777
1525	7924.597402597403
1526	7630.986666666667
1527	7389.583333333333
1528	7881.793650793651
1529	7312.484848484848
1530	7926.157142857143
1531	7675.877192982456
1532	7713.75
1533	8594.42857142857
1534	8236.549019607843
1535	8447.458333333334
1536	8162.176470588235
1537	8476.41791044776
1538	8189.0
1539	8160.764705882353
1540	8816.805555555555
1541	7164.212121212121
1542	7585.948717948718
1543	9088.71794871795
1544	6941.9375
1545	8452.27027027027
1546	8480.418604651162
1547	8563.944444444445
1548	7616.411764705882
1549	9376.227272727272
1550	8297.033333333333
1551	6596.192307692308
1552	7979.62962962963
1553	7207.185185185185
1554	9087.0
1555	7628.5
1556	6370.571428571428
1557	6932.0
1558	8872.0
1559	10248.125
1560	8846.2
1561	7954.368421052632
1562	7302.8125
1563	10160.23076923077
1564	7551.0
1565	8086.166666666667
1566	7854.454545454545
1567	7611.571428571428
1568	9616.75
1569	7094.333333333333
1570	9471.333333333334
1571	6868.857142857143
1572	8953.1
1573	7001.5
1574	8046.0
1575	6490.888888888889
1576	10090.615384615385
1577	9031.5
1578	8437.0
1579	10462.333333333334
1580	8580.545454545454
1581	10692.4
1582	9853.875
1583	5560.333333333333
1584	5112.4
1585	7959.0
1586	9922.25
1587	10674.0
1588	8379.666666666666
1589	6940.5
1590	6148.2
1591	6890.4
1592	6777.0
1593	8812.714285714286
1594	7245.6
1595	8200.25
1596	6753.0
1597	7718.0
1598	5123.0
1600	4298.0
1601	5710.5
1602	6318.5
1603	6308.666666666667
1604	8387.0
1605	6811.0
1606	6760.0
1607	8060.0
1608	13769.0
1609	10762.666666666666
1610	4582.0
1611	13350.0
1612	5822.5
1613	8086.0
1614	6804.0
1615	7184.0
1617	13785.0
1618	12632.5
1620	4859.0
1621	13782.0
1622	8019.0
1623	5693.0
1624	8044.0
1627	6819.0
1628	9456.5
1630	8034.0
1632	5141.0
1633	8041.0
1634	6802.0
1637	8032.0
1638	4596.0
1639	8492.0
1644	4586.0
1648	4584.0
1650	5978.5
1659	6816.0
1667	12124.0
