⸮⸮⸮⸮I2C Verbindung gefunden!.
1494	2
1495	4
1495	7
1495	9
1494	11
1492	13
1491	16
1491	18
1493	20
1495	23
1495	25
1495	27
1494	30
1493	32
1492	34
1491	36
1489	39
1489	41
1488	44
1488	47
1488	49
1489	51
1490	54
1492	56
1493	58
1492	61
1491	63
1490	65
1490	67
1491	70
1493	72
1495	74
1498	77
1498	79
1498	81
1497	84
1496	87
1493	89
1491	91
1491	94
1493	96
1493	98
1493	101
1491	103
1489	105
1487	108
1485	110
1484	112
1483	115
1484	117
1485	120
1487	122
1489	124
1492	128
1496	130
1498	132
1499	135
1496	137
1494	139
1492	142
1492	144
1492	146
1492	149
1492	151
1492	153
1493	156
1492	158
1491	161
1490	163
1490	165
1489	168
1489	171
1488	173
1487	176
1487	178
1487	180
1487	183
1488	185
1489	187
1489	190
1489	192
1490	194
1491	197
1494	199
1495	202
1496	204
1497	206
1499	209
1499	211
1497	214
1496	217
1494	219
1492	221
1491	224
1491	226
1491	228
1491	231
1492	233
1493	235
1494	238
1493	240
1493	243
1494	245
1494	247
1494	250
1494	252
1493	254
1492	258
1491	260
1490	262
1490	265
1490	267
1490	269
1491	272
1492	274
1493	277
1493	279
1493	281
1493	284
1493	286
1493	288
1494	291
1495	293
1494	295
1494	299
1493	301
1492	303
1491	306
1491	308
1490	310
1489	313
1489	315
1489	318
1490	320
1492	322
1493	325
1493	327
1493	329
1492	332
1491	334
1493	336
1494	339
1494	342
1494	344
1494	347
1495	349
1496	351
1497	354
1496	356
1495	359
1495	361
1494	363
1492	366
1491	368
1490	370
1489	373
1488	375
1488	377
1488	380
1489	382
1489	385
1490	388
1491	390
1491	392
1492	395
1495	397
1495	400
1494	402
1492	404
1492	407
1493	409
1493	411
1493	414
1493	416
1494	418
1495	421
1495	423
1496	425
1497	429
1496	431
1494	434
1492	436
1492	438
1492	441
1491	443
1490	445
1489	448
1489	450
1490	452
1491	455
1492	457
1494	459
1496	462
1496	464
1494	466
1495	470
1496	472
1496	475
1495	477
1494	479
1493	482
1492	484
1492	486
1492	489
1493	491
1493	493
1493	496
1493	498
1492	500
1491	503
1490	505
1490	507
1491	510
1491	513
1493	516
1494	518
1497	520
1499	523
1498	525
1496	527
1495	530
1494	532
1493	534
1492	537
1492	539
1492	541
1493	544
1494	546
1494	549
1494	551
1491	553
1489	557
1489	559
1489	561
1489	564
1488	566
1488	568
1489	571
1490	573
1493	575
1495	578
1496	580
1497	582
1498	585
1498	587
1496	590
1494	592
1492	594
1491	598
1490	600
1489	602
1489	605
1489	607
1491	609
1492	612
1492	614
1492	616
1492	619
1491	621
1492	623
1493	626
1496	628
1497	631
1496	633
1495	635
1496	638
1497	641
1497	643
1496	646
1495	648
1494	650
1494	653
1494	655
1495	657
1493	660
1492	662
1492	664
1494	667
1496	669
1497	672
1497	674
1497	676
1495	679
1495	681
1496	684
1498	687
1499	689
1499	691
1499	694
1498	696
1497	698
1497	701
1497	703
1497	706
1497	708
1497	710
1497	713
1496	715
1496	717
1497	720
1499	722
1500	724
1499	728
1499	730
1498	732
1497	735
1496	737
1497	739
1499	742
1498	744
1498	747
1497	749
1495	751
1493	754
1493	756
1494	758
1495	761
1496	763
1497	765
1498	769
1498	771
1496	773
1494	776
1495	778
1494	781
1494	783
1493	785
1492	788
1492	790
1492	792
1492	795
1494	797
1496	799
1497	802
1497	804
1497	806
1499	809
1500	812
1499	814
1499	817
1497	819
1495	822
1495	824
1494	826
1494	829
1492	831
1491	833
1490	836
1490	838
1491	840
1493	843
1495	845
1495	847
1495	850
1495	852
1494	856
1494	858
1494	860
1494	863
1494	865
1494	867
1494	870
1494	872
1493	874
1492	877
1492	879
1491	881
1492	884
1493	886
1495	888
1496	891
1497	893
1496	897
1495	899
1495	901
1495	904
1496	906
1495	908
1494	911
1495	913
1495	915
1493	918
1492	920
1491	922
1491	925
1491	927
1491	930
1491	932
1491	934
1493	937
1495	940
1497	942
1498	945
1498	947
1498	949
1497	952
1498	954
1498	956
1497	959
1497	961
1497	963
1496	966
1495	968
1494	971
1493	973
1493	975
1493	978
1494	980
1494	983
1492	986
1491	988
1489	990
1489	993
1490	995
1492	997
1495	1000
1497	1002
1498	1005
1499	1007
1499	1009
1498	1012
1496	1014
1495	1017
1495	1019
1496	1021
1496	1025
1495	1027
1494	1030
1494	1032
1494	1034
1493	1037
1494	1039
1494	1042
1494	1044
1494	1046
1494	1049
1494	1051
1494	1054
1494	1056
1494	1059
1495	1061
1495	1063
1495	1067
1495	1069
1496	1072
1497	1074
1499	1076
1500	1079
1499	1081
1498	1084
1496	1086
1494	1088
1493	1091
1492	1093
1491	1096
1491	1098
1491	1100
1491	1103
1491	1105
1492	1108
1493	1111
1493	1113
1493	1116
1492	1118
1491	1121
1489	1123
1489	1125
1490	1128
1493	1130
1496	1133
1497	1135
1495	1137
1494	1140
1493	1142
1493	1145
1492	1147
1492	1149
1492	1153
1491	1155
1491	1158
1490	1160
1489	1163
1488	1165
1488	1167
1487	1170
1486	1172
1486	1175
1485	1177
1486	1179
1487	1182
1490	1184
1492	1187
1494	1189
1496	1191
1497	1195
1497	1197
1496	1200
1494	1202
1492	1204
1492	1207
1492	1209
1492	1212
1492	1214
1492	1216
1490	1219
1488	1221
1487	1224
1486	1226
1487	1228
1487	1231
1489	1233
1492	1236
1494	1239
1496	1242
1497	1244
1497	1246
1499	1249
1501	1251
1500	1254
1500	1256
1498	1258
1497	1261
1496	1263
1495	1266
1495	1268
1495	1270
1495	1273
1495	1275
1495	1278
1495	1281
1495	1283
1495	1286
1497	1288
1499	1291
1499	1293
1497	1295
1495	1298
1494	1300
1494	1303
1496	1305
1498	1307
1498	1310
1498	1312
1497	1315
1498	1317
1499	1319
1499	1323
1500	1325
1499	1328
1498	1330
1497	1332
1496	1335
1495	1337
1495	1340
1496	1342
1496	1345
1496	1347
1495	1349
1494	1352
1494	1354
1493	1357
1491	1359
1489	1361
1489	1364
1490	1367
1494	1370
1496	1372
1498	1374
1497	1377
1495	1379
1493	1382
1493	1384
1494	1386
1495	1389
1495	1391
1494	1394
1492	1396
1491	1398
1491	1401
1493	1403
1495	1406
1495	1409
1494	1411
1493	1414
1492	1416
1491	1419
1491	1421
1492	1423
1492	1426
1492	1428
1493	1431
1493	1433
1494	1435
1493	1438
1493	1440
1494	1443
1493	1445
1493	1448
1492	1451
1492	1453
1492	1456
1491	1458
1491	1461
1491	1463
1491	1465
1490	1468
1489	1470
1488	1473
1487	1475
1487	1477
1486	1480
1487	1482
1489	1485
1491	1487
1492	1489
1491	1492
1491	1495
1489	1498
1488	1500
1488	1502
1488	1505
1489	1507
1491	1510
1493	1512
1497	1514
1498	1517
1497	1519
1496	1522
1493	1524
1491	1526
1490	1529
1488	1531
1486	1534
1485	1537
1485	1539
1485	1542
1485	1544
1485	1547
1485	1549
1486	1552
1487	1554
1487	1556
1485	1559
1485	1561
1484	1564
1485	1566
1486	1568
1487	1571
1488	1573
1490	1576
1492	1579
1494	1581
1494	1584
1492	1586
1490	1589
1489	1591
1487	1593
1486	1596
1485	1598
1485	1601
1484	1603
1483	1605
1483	1608
1483	1610
1483	1613
1484	1615
1486	1617
1488	1620
1489	1623
1491	1626
1493	1628
1496	1630
1498	1633
1498	1635
1499	1638
1498	1640
1497	1643
1497	1645
1498	1647
1499	1650
1500	1652
1502	1655
1503	1657
1504	1659
1504	1662
1505	1665
1505	1668
1505	1670
1505	1672
1507	1675
1508	1677
1510	1680
1510	1682
1511	1684
1511	1687
1512	1689
1513	1692
1514	1694
1516	1696
1517	1699
1519	1701
1521	1704
1523	1707
1523	1709
1522	1712
1520	1714
1518	1717
1517	1719
1516	1721
1514	1724
1514	1726
1514	1729
1513	1731
1513	1733
1512	1736
1513	1738
1514	1741
1515	1743
1516	1746
1516	1748
1516	1751
1515	1754
1516	1756
1517	1759
1518	1761
1518	1763
1517	1766
1516	1768
1515	1771
1515	1773
1514	1775
1513	1778
1511	1780
1510	1783
1509	1785
1508	1787
1508	1790
1510	1793
1512	1796
1514	1798
1513	1800
1512	1803
1511	1805
1510	1808
1511	1810
1512	1812
1514	1815
1514	1817
1514	1820
1511	1822
1508	1824
1507	1827
1507	1829
1506	1832
1505	1835
1504	1838
1502	1840
1500	1842
1499	1845
1500	1847
1500	1850
1500	1852
1498	1854
1497	1857
1497	1859
1499	1862
1499	1864
1498	1866
1496	1869
1494	1871
1490	1874
1487	1876
1484	1879
1482	1882
1482	1884
1482	1887
1483	1889
1484	1891
1485	1894
1484	1896
1483	1899
1482	1901
1481	1903
1480	1906
1480	1908
1480	1911
1479	1913
1479	1915
1478	1918
1476	1921
1475	1924
1474	1926
1473	1929
1471	1931
1472	1933
1474	1936
1476	1938
1476	1941
1476	1943
1475	1945
1475	1948
1473	1950
1470	1953
1469	1955
1468	1957
1470	1960
1472	1963
1473	1966
1473	1968
1473	1970
1472	1973
1472	1975
1471	1978
1470	1980
1470	1982
1470	1985
1470	1987
1468	1990
1468	1992
1468	1994
1469	1997
1470	1999
1472	2002
1473	2004
1473	2007
1473	2010
1473	2012
1473	2015
1474	2017
1476	2019
1477	2022
1477	2024
1477	2027
1478	2029
1478	2032
1479	2034
1480	2036
1481	2039
1483	2041
1484	2044
1482	2046
1480	2049
1477	2052
1475	2054
1474	2057
1473	2059
1474	2061
1474	2064
1474	2066
1474	2069
1474	2071
1474	2073
1475	2076
1475	2078
1475	2081
1476	2083
1477	2085
1478	2088
1478	2091
1479	2094
1479	2096
1478	2098
1478	2101
1477	2103
1478	2106
1479	2108
1481	2110
1483	2113
1484	2115
1486	2118
1486	2120
1486	2122
1485	2125
1483	2127
1482	2130
1480	2132
1480	2136
1480	2138
1479	2140
1479	2143
1480	2145
1481	2148
1482	2150
1482	2152
1481	2155
1480	2157
1480	2160
1482	2162
1482	2164
1481	2167
1480	2169
1479	2172
1479	2174
1479	2177
1478	2180
1477	2182
1475	2185
1474	2187
1473	2189
1473	2192
1474	2194
1476	2197
1478	2199
1480	2201
1481	2204
1482	2206
1483	2209
1485	2211
1486	2213
1487	2216
1487	2219
1488	2222
1488	2224
1490	2227
1492	2229
1493	2231
1493	2234
1493	2236
1492	2239
1491	2241
1490	2243
1489	2246
1489	2248
1489	2251
1489	2253
1489	2255
1489	2258
1489	2260
1491	2264
1493	2266
1494	2268
1494	2271
1492	2273
1492	2276
1493	2278
1493	2280
1493	2283
1491	2285
1489	2288
1489	2290
1492	2292
1496	2295
1501	2297
1505	2300
1508	2302
1508	2305
1505	2308
1499	2310
1493	2313
1489	2315
1486	2318
1485	2320
1484	2322
1487	2325
1491	2327
1495	2330
1501	2332
1506	2334
1513	2337
1517	2339
1514	2342
1509	2344
1507	2347
1505	2350
1503	2352
1502	2355
1502	2357
1504	2359
1505	2362
1503	2364
1499	2367
1495	2369
1492	2371
1491	2374
1493	2376
1501	2379
1506	2381
1507	2383
1507	2386
1504	2388
1501	2392
1497	2394
1495	2397
1495	2399
1496	2401
1500	2404
1503	2406
1506	2409
1507	2411
1506	2413
1504	2416
1502	2418
1506	2421
1509	2423
1511	2425
1513	2428
1513	2430
1509	2434
1502	2436
1498	2438
1494	2441
1491	2443
1490	2446
1491	2448
1494	2450
1495	2453
1501	2455
1511	2458
1522	2460
1524	2462
1518	2465
1513	2467
1506	2470
1499	2472
1493	2476
1490	2478
1486	2480
1485	2483
1492	2485
1500	2488
1504	2490
1509	2492
1508	2495
1502	2497
1493	2500
1484	2502
1477	2504
1474	2507
1476	2509
1481	2512
1488	2514
1490	2516
1487	2520
1482	2522
1480	2525
1485	2527
1492	2529
1499	2532
1507	2534
1517	2537
1521	2539
1523	2541
1519	2544
1511	2546
1504	2549
1505	2551
1510	2554
1511	2556
1508	2558
1505	2562
1509	2564
1515	2567
1516	2569
1519	2571
1523	2574
1526	2576
1527	2579
1530	2581
1533	2583
1534	2586
1533	2588
1533	2591
1534	2593
1537	2595
1543	2598
1548	2600
1552	2604
1555	2606
1552	2608
1552	2611
1557	2613
1562	2616
1563	2618
1568	2620
1573	2623
1575	2625
1573	2628
1569	2630
1573	2632
1585	2635
1597	2637
1598	2640
1587	2642
1573	2646
1565	2648
1559	2650
1562	2653
1568	2655
1574	2658
1573	2660
1571	2662
1572	2665
1585	2667
1590	2670
1588	2672
1583	2674
1580	2677
1579	2679
1585	2682
1593	2684
1608	2686
1615	2690
1617	2692
1614	2695
1612	2697
1609	2699
1606	2702
1606	2704
1608	2707
1621	2709
1632	2711
1630	2714
1619	2716
1615	2719
1616	2721
1614	2723
1610	2726
1619	2728
1640	2732
1647	2734
1640	2736
1629	2739
1614	2741
1595	2744
1581	2746
1578	2749
1582	2751
1597	2753
1630	2756
1647	2758
1644	2761
1637	2763
1641	2765
1637	2768
1625	2770
1606	2774
1576	2776
1563	2778
1575	2781
1578	2783
1564	2786
1540	2788
1518	2790
1504	2793
1509	2795
1520	2798
1514	2800
1496	2802
1493	2805
1491	2807
1483	2810
1469	2812
1458	2814
1456	2818
1457	2820
1456	2823
1454	2825
1452	2827
1441	2830
1431	2832
1436	2835
1434	2837
1402	2840
1364	2842
1354	2844
1364	2847
1381	2849
1407	2852
1424	2854
1425	2856
1407	2860
1399	2862
1390	2865
1396	2867
1404	2869
1405	2872
1409	2874
1400	2877
1381	2879
1361	2881
1358	2884
1365	2886
1380	2889
1401	2891
1418	2893
1430	2896
1435	2898
1420	2902
1406	2904
1408	2906
1408	2909
1399	2911
1419	2914
1430	2916
1424	2918
1409	2921
1404	2923
1412	2926
1416	2928
1418	2930
1428	2933
1433	2935
1426	2938
1408	2940
1400	2942
1423	2946
1435	2948
1418	2951
1400	2953
1396	2956
1395	2958
1393	2960
1401	2963
1423	2965
1421	2968
1403	2970
1400	2972
1422	2975
1450	2977
1447	2980
1442	2982
1461	2984
1464	2988
1443	2990
1438	2993
1442	2995
1436	2997
1418	3000
1413	3002
1407	3005
1392	3007
1378	3009
1376	3012
1379	3014
1404	3017
1443	3019
1453	3021
1434	3024
1412	3026
1398	3030
1402	3032
1443	3034
1460	3037
1453	3039
1434	3042
1415	3044
1427	3047
1448	3049
1456	3051
1463	3054
1464	3056
1473	3059
1486	3061
1486	3063
1479	3066
1479	3068
1490	3072
1485	3074
1454	3076
1426	3079
1411	3081
1414	3084
1440	3086
1488	3088
1511	3091
1500	3093
1474	3096
1463	3098
1451	3100
1448	3103
1481	3105
1508	3108
1511	3110
1492	3113
1470	3116
1470	3118
1487	3121
1496	3123
1490	3126
1485	3128
1481	3130
1488	3133
1490	3135
1480	3138
1477	3140
1488	3142
1497	3145
1499	3147
1489	3150
1472	3152
1463	3154
1460	3158
1468	3160
1490	3163
1509	3165
1501	3167
1477	3170
1459	3172
1458	3175
1454	3177
1449	3180
1448	3182
1454	3184
1451	3187
1443	3189
1446	3192
1463	3194
1477	3196
1494	3200
1512	3202
1507	3205
1489	3207
1481	3209
1489	3212
1505	3214
1525	3217
1528	3219
1514	3221
1503	3224
1501	3226
1511	3229
1513	3231
1507	3233
1487	3236
1466	3238
1450	3241
1451	3244
1453	3246
1469	3249
1491	3251
1497	3254
1492	3256
1494	3258
1499	3261
1503	3263
1514	3266
1517	3268
1515	3271
1524	3273
1536	3275
1532	3278
1520	3280
1496	3283
1472	3286
1452	3288
1462	3291
1491	3293
1511	3296
1519	3298
1515	3300
1511	3303
1503	3305
1496	3308
1484	3310
1472	3312
1468	3315
1465	3317
1466	3320
1472	3322
1477	3324
1487	3328
1502	3330
1496	3333
1481	3335
1460	3337
1465	3340
1474	3342
1480	3345
1487	3347
1498	3349
1516	3352
1523	3354
1504	3357
1480	3359
1480	3362
1483	3364
1501	3366
1515	3369
1512	3372
1482	3375
1459	3377
1447	3379
1452	3382
1476	3384
1485	3387
1482	3389
1500	3391
1517	3394
1516	3396
1495	3399
1464	3401
1446	3403
1460	3406
1492	3408
1498	3411
1490	3414
1467	3416
1442	3419
1441	3421
1451	3424
1466	3426
1491	3428
1499	3431
1494	3433
1494	3436
1500	3438
1494	3440
1480	3443
1490	3445
1487	3448
1465	3450
1448	3453
1439	3456
1445	3458
1453	3461
1452	3463
1448	3466
1445	3468
1444	3470
1447	3473
1451	3475
1469	3478
1480	3480
1473	3482
1465	3485
1468	3487
1481	3490
1508	3492
1508	3494
1495	3497
1482	3500
1474	3503
1475	3505
1489	3507
1478	3510
1468	3512
1461	3515
1456	3517
1458	3519
1459	3522
1478	3524
1489	3527
1488	3529
1481	3532
1472	3534
1467	3536
1468	3539
1466	3542
1456	3545
1449	3547
1470	3549
1494	3552
1510	3554
1506	3557
1496	3559
1484	3561
1466	3564
1465	3566
1479	3569
1476	3571
1470	3573
1493	3576
1511	3578
1502	3581
1478	3584
1479	3586
1492	3589
1492	3591
1492	3594
1489	3596
1476	3598
1479	3601
1485	3603
1496	3606
1499	3608
1488	3611
1473	3613
1465	3615
1468	3618
1468	3620
1468	3623
1467	3625
1470	3628
1480	3631
1499	3633
1509	3636
1513	3638
1514	3640
1508	3643
1490	3645
1474	3648
1493	3650
1522	3652
1521	3655
1508	3657
1499	3660
1482	3662
1465	3664
1448	3667
1445	3670
1456	3673
1463	3675
1470	3677
1478	3680
1487	3682
1509	3685
1526	3687
1532	3690
1527	3692
1517	3694
1507	3697
1492	3699
1473	3702
1460	3704
1461	3706
1463	3709
1466	3712
1478	3715
1496	3717
1504	3719
1496	3722
1480	3724
1467	3727
1467	3729
1472	3731
1506	3734
1547	3736
1541	3739
1513	3741
1485	3743
1463	3746
1453	3748
1457	3751
1465	3753
1478	3756
1500	3759
1512	3761
1512	3764
1495	3766
1472	3769
1495	3771
1515	3773
1504	3776
1488	3778
1493	3781
1513	3783
1525	3785
1526	3788
1513	3790
1492	3793
1488	3795
1514	3798
1528	3801
1518	3803
1495	3806
1475	3808
1460	3810
1452	3813
1449	3815
1456	3818
1464	3820
1455	3822
1442	3825
1432	3827
1435	3830
1455	3832
1484	3834
1494	3837
1500	3840
1526	3843
1529	3845
1502	3848
1479	3850
1456	3852
1452	3855
1467	3857
1492	3860
1516	3862
1522	3864
1505	3867
1486	3869
1488	3872
1498	3874
1506	3876
1509	3879
1509	3881
1510	3885
1540	3887
1546	3889
1521	3892
1498	3894
1478	3897
1470	3899
1464	3901
1462	3904
1462	3906
1469	3909
1479	3911
1485	3913
1485	3916
1480	3918
1470	3921
1473	3923
1507	3927
1528	3929
1517	3931
1489	3934
1468	3936
1461	3939
1464	3941
1480	3943
1501	3946
1524	3948
1518	3951
1497	3953
1478	3955
1467	3958
1475	3960
1491	3963
1495	3965
1502	3968
1502	3971
1500	3973
1504	3976
1507	3978
1504	3980
1503	3983
1512	3985
1520	3988
1512	3990
1491	3992
1482	3995
1487	3997
1486	4000
1475	4002
1461	4005
1463	4007
1467	4009
1465	4013
1481	4015
1509	4018
1509	4020
1492	4022
1480	4025
1466	4027
1459	4030
1455	4032
1468	4034
1490	4037
1514	4039
1522	4042
1511	4044
1494	4046
1474	4049
1464	4051
1457	4055
1454	4057
1454	4059
1474	4062
1509	4064
1545	4067
1560	4069
1554	4071
1533	4074
1500	4076
1474	4079
1456	4081
1450	4083
1483	4086
1533	4088
1546	4091
1529	4093
1500	4097
1477	4099
1450	4101
1438	4104
1444	4106
1459	4109
1459	4111
1463	4113
1496	4116
1532	4118
1549	4121
1539	4123
1506	4125
1472	4128
1453	4130
1441	4133
1439	4135
1473	4137
1500	4141
1504	4143
1498	4146
1489	4148
1477	4150
1473	4153
1486	4155
1493	4158
1486	4160
1488	4162
1498	4165
1513	4167
1524	4170
1530	4172
1533	4175
1533	4177
1543	4179
1534	4183
1509	4185
1487	4188
1481	4190
1496	4192
1524	4195
1525	4197
1505	4200
1491	4202
1487	4204
1497	4207
1513	4209
1527	4212
1539	4214
1541	4216
1531	4219
1512	4221
1492	4225
1488	4227
1509	4229
1517	4232
1514	4234
1504	4237
1489	4239
1489	4241
1520	4244
1532	4246
1521	4249
1508	4251
1489	4254
1470	4256
1464	4258
1471	4261
1478	4263
1479	4267
1498	4269
1533	4271
1546	4274
1540	4276
1538	4279
1548	4281
1548	4283
1531	4286
1506	4288
1480	4291
1459	4293
1446	4295
1447	4298
1460	4300
1469	4303
1472	4305
1472	4307
1502	4311
1535	4313
1549	4316
1546	4318
1532	4321
1519	4323
1520	4325
1526	4328
1517	4330
1507	4333
1515	4335
1533	4337
1545	4340
1546	4342
1537	4345
1520	4347
1500	4349
1476	4353
1463	4355
1460	4358
1460	4360
1460	4362
1482	4365
1535	4367
1564	4370
1564	4372
1552	4374
1531	4377
1512	4379
1504	4382
1499	4384
1492	4386
1490	4389
1497	4391
1494	4395
1493	4397
1493	4400
1487	4402
1476	4404
1466	4407
1463	4409
1471	4412
1488	4414
1512	4416
1526	4419
1531	4421
1535	4424
1534	4426
1521	4428
1502	4431
1486	4433
1490	4436
1493	4439
1500	4441
1517	4444
1540	4446
1538	4449
1520	4451
1511	4453
1493	4456
1472	4458
1475	4461
1490	4463
1516	4465
1523	4468
1514	4470
1516	4473
1534	4475
1539	4478
1515	4481
1485	4483
1472	4486
1460	4488
1453	4491
1454	4493
1456	4495
1458	4498
1483	4500
1525	4503
1552	4505
1546	4507
1531	4510
1511	4512
1497	4515
1497	4517
1509	4519
1513	4523
1508	4525
1509	4528
1502	4530
1490	4532
1482	4535
1499	4537
1511	4540
1504	4542
1489	4544
1490	4547
1504	4549
1516	4552
1515	4554
1504	4557
1487	4559
1482	4561
1481	4564
1504	4567
1512	4570
1498	4572
1495	4574
1489	4577
1487	4579
1511	4582
1518	4584
1500	4586
1482	4589
1481	4591
1486	4594
1498	4596
1499	4598
1503	4601
1505	4603
1512	4606
1510	4609
1504	4611
1509	4614
1508	4616
1510	4619
1506	4621
1496	4623
1481	4626
1472	4628
1482	4631
1491	4633
1489	4636
1489	4638
1499	4640
1513	4643
1521	4645
1514	4648
1501	4651
1490	4653
1481	4656
1494	4658
1513	4661
1512	4663
1506	4665
1510	4668
1501	4670
1481	4673
1476	4675
1485	4677
1487	4680
1488	4682
1481	4685
1469	4687
1467	4689
1470	4692
1476	4695
1475	4698
1473	4700
1490	4702
1512	4705
1516	4707
1503	4710
1485	4712
1473	4715
1480	4717
1505	4719
1515	4722
1521	4724
1529	4727
1524	4729
1530	4731
1546	4734
1540	4737
1529	4740
1536	4742
1549	4744
1535	4747
1500	4749
1469	4752
1449	4754
1442	4756
1451	4759
1455	4761
1458	4764
1478	4766
1487	4768
1478	4771
1488	4773
1502	4776
1502	4779
1502	4782
1505	4784
1498	4786
1482	4789
1466	4791
1465	4794
1478	4796
1521	4798
1548	4801
1539	4803
1516	4806
1501	4808
1483	4810
1475	4813
1480	4815
1487	4818
1492	4820
1494	4823
1488	4826
1469	4828
1455	4831
1444	4833
1440	4835
1441	4838
1447	4840
1453	4843
1456	4845
1469	4847
1507	4850
1519	4852
1517	4855
1519	4857
1516	4859
1509	4862
1509	4865
1513	4868
1523	4870
1521	4873
1512	4875
1495	4877
1488	4880
1496	4882
1499	4885
1500	4887
1497	4889
1499	4892
1512	4894
1512	4897
1492	4899
1480	4901
1486	4904
1484	4907
1476	4910
1469	4912
1499	4914
1525	4917
1516	4919
1498	4922
1476	4924
1466	4926
1475	4929
1487	4931
1492	4934
1501	4936
1508	4938
1500	4941
1488	4943
1477	4946
1476	4948
1472	4952
1467	4954
1469	4956
1484	4959
1508	4961
1530	4964
1545	4966
1546	4968
1520	4971
1492	4973
1485	4976
1506	4978
1519	4980
1508	4983
1487	4985
1468	4988
1461	4990
1452	4993
1447	4996
1469	4998
1491	5001
1495	5003
1482	5005
1482	5008
1504	5010
1513	5013
1505	5015
1496	5018
1494	5020
1494	5022
1504	5025
1522	5027
1527	5030
1532	5032
1524	5035
1499	5038
1491	5040
1508	5043
1510	5045
1491	5047
1467	5050
1462	5052
1483	5055
1488	5057
1489	5059
1503	5062
1517	5064
1514	5067
1502	5069
1482	5071
1464	5074
1464	5076
1484	5080
1500	5082
1497	5085
1482	5087
1481	5089
1488	5092
1493	5094
1485	5097
1505	5099
1536	5101
1529	5104
1510	5106
1496	5109
1483	5111
1474	5113
1488	5116
1501	5118
1511	5122
1514	5124
1498	5126
1482	5129
1459	5131
1442	5134
1438	5136
1452	5138
1478	5141
1487	5143
1484	5146
1471	5148
1460	5151
1455	5153
1462	5155
1483	5158
1495	5160
1496	5164
1499	5166
1498	5168
1493	5171
1499	5173
1508	5176
1530	5178
1537	5180
1523	5183
1499	5185
1494	5188
1508	5190
1511	5192
1498	5195
1484	5197
1470	5200
1480	5202
1501	5204
1510	5208
1502	5210
1493	5213
1489	5215
1494	5217
1490	5220
1471	5222
1453	5225
1456	5227
1476	5229
1484	5232
1487	5234
1485	5237
1476	5239
1484	5242
1520	5244
1538	5246
1524	5250
1502	5252
1477	5255
1457	5257
1457	5259
1461	5262
1463	5264
1471	5267
1502	5269
1533	5271
1530	5274
1508	5276
1486	5279
1469	5281
1458	5283
1464	5286
1493	5288
1503	5292
1499	5294
1505	5296
1511	5299
1493	5301
1467	5304
1447	5306
1437	5308
1431	5311
1431	5313
1451	5316
1472	5318
1481	5320
1490	5323
1493	5325
1489	5328
1482	5330
1480	5334
1503	5336
1526	5338
1522	5341
1506	5343
1507	5346
1510	5348
1510	5350
1505	5353
1502	5355
1496	5358
1493	5360
1488	5362
1481	5365
1471	5367
1465	5370
1477	5372
1515	5374
1529	5378
1520	5380
1504	5383
1491	5385
1484	5387
1480	5390
1485	5392
1492	5395
1485	5397
1475	5399
1477	5402
1480	5404
1480	5407
1486	5409
1490	5412
1482	5414
1472	5416
1474	5420
1499	5422
1520	5425
1532	5427
1516	5429
1500	5432
1501	5434
1507	5437
1504	5439
1510	5441
1505	5444
1490	5446
1475	5449
1484	5451
1490	5453
1485	5456
1474	5458
1461	5462
1455	5464
1463	5466
1478	5469
1518	5471
1534	5474
1518	5476
1507	5478
1508	5481
1504	5483
1498	5486
1488	5488
1477	5491
1485	5493
1502	5495
1510	5498
1506	5500
1507	5504
1513	5506
1525	5508
1530	5511
1519	5513
1511	5516
1495	5518
1494	5520
1505	5523
1511	5525
1500	5528
1521	5530
1546	5532
1547	5535
1529	5537
1504	5540
1497	5542
1495	5544
1488	5548
1491	5550
1505	5553
1495	5555
1479	5558
1468	5560
1465	5562
1463	5565
1473	5567
1487	5570
1494	5572
1500	5574
1498	5577
1500	5579
1508	5582
1502	5584
1484	5586
1493	5590
1504	5592
1499	5595
1489	5597
1486	5599
1477	5602
1473	5604
1469	5607
1461	5609
1460	5611
1463	5614
1482	5616
1506	5619
1522	5621
1527	5623
1517	5626
1496	5628
1493	5632
1499	5634
1507	5637
1502	5639
1493	5641
1485	5644
1474	5646
1472	5649
1465	5651
1464	5653
1505	5656
1526	5658
1508	5661
1480	5663
1465	5665
1459	5668
1468	5670
1479	5673
1495	5676
1500	5678
1500	5681
1501	5683
1488	5686
1470	5688
1470	5690
1490	5693
1489	5695
1491	5698
1499	5700
1510	5703
1507	5705
1498	5707
1486	5710
1485	5712
1475	5715
1456	5718
1440	5720
1443	5723
1461	5725
1495	5728
1532	5730
1537	5732
1513	5735
1491	5737
1474	5740
1459	5742
1450	5744
1442	5747
1441	5749
1456	5752
1469	5754
1466	5756
1462	5760
1462	5762
1459	5765
1456	5767
1459	5769
1478	5772
1528	5774
1572	5777
1581	5779
1553	5782
1519	5784
1486	5786
1464	5789
1451	5791
1441	5794
1438	5796
1442	5798
1463	5801
1489	5804
1499	5807
1513	5809
1523	5811
1519	5814
1516	5816
1507	5819
1493	5821
1492	5823
1504	5826
1521	5828
1524	5831
1510	5833
1494	5835
1478	5838
1486	5840
1499	5843
1501	5846
1502	5848
1501	5851
1491	5853
1487	5856
1495	5858
1493	5860
1476	5863
1456	5865
1447	5868
1446	5870
1474	5873
1501	5875
1501	5877
1491	5880
1489	5882
1498	5885
1509	5888
1504	5890
1500	5893
1507	5895
1522	5898
1528	5900
1515	5902
1499	5905
1483	5907
1495	5910
1525	5912
1528	5914
1509	5917
1492	5919
1474	5922
1458	5924
1452	5926
1461	5929
1483	5932
1499	5935
1505	5937
1504	5940
1489	5942
1477	5944
1472	5947
1466	5949
1462	5952
1461	5954
1471	5956
1502	5959
1512	5961
1502	5964
1488	5966
1483	5968
1477	5971
1470	5974
1466	5977
1502	5979
1524	5981
1514	5984
1490	5986
1468	5989
1452	5991
1451	5993
1470	5996
1516	5998
1561	6001
1565	6003
1539	6005
1505	6008
1482	6010
1483	6013
1513	6016
1534	6019
1531	6021
1521	6023
1507	6026
1484	6028
1457	6031
1451	6033
1450	6035
1454	6038
1468	6040
1478	6043
1488	6045
1506	6047
1524	6050
1516	6052
1490	6055
1466	6057
1449	6060
1453	6063
1477	6065
1526	6068
1540	6070
1521	6072
1499	6075
1488	6077
1477	6080
1472	6082
1470	6085
1474	6087
1481	6089
1499	6092
1511	6094
1507	6097
1495	6099
1486	6102
1491	6105
1506	6107
1511	6110
1502	6112
1497	6114
1488	6117
1488	6119
1491	6122
1487	6124
1491	6126
1519	6129
1535	6131
1535	6134
1520	6136
1495	6138
1467	6141
1456	6144
1458	6147
1480	6149
1499	6151
1499	6154
1493	6156
1486	6159
1480	6161
1479	6164
1484	6166
1497	6168
1493	6171
1470	6173
1453	6176
1451	6178
1451	6180
1453	6183
1471	6185
1501	6189
1502	6191
1481	6193
1459	6196
1444	6198
1439	6201
1439	6203
1442	6205
1450	6208
1479	6210
1508	6213
1528	6215
1523	6217
1510	6220
1501	6222
1503	6225
1500	6227
1499	6230
1495	6233
1491	6235
1500	6238
1502	6240
1500	6243
1500	6245
1490	6247
1485	6250
1499	6252
1536	6255
1542	6257
1518	6259
1486	6262
1464	6264
1454	6267
1453	6269
1453	6272
1485	6275
1521	6277
1527	6280
1505	6282
1480	6284
1465	6287
1476	6289
1483	6292
1479	6294
1472	6296
1461	6299
1447	6301
1442	6304
1456	6306
1493	6309
1515	6311
1504	6313
1482	6317
1471	6319
1460	6322
1464	6324
1486	6326
1500	6329
1493	6331
1476	6334
1465	6336
1469	6338
1482	6341
1486	6343
1473	6346
1473	6348
1504	6350
1518	6353
1507	6355
1506	6359
1517	6361
1520	6363
1518	6366
1511	6368
1500	6371
1494	6373
1485	6376
1473	6378
1464	6380
1448	6383
1430	6385
1425	6388
1429	6390
1438	6392
1459	6395
1475	6397
1476	6401
1477	6403
1480	6405
1481	6408
1507	6410
1545	6413
1563	6415
1551	6417
1527	6420
1502	6422
1498	6425
1515	6427
1523	6429
1519	6432
1510	6434
1497	6437
1484	6439
1477	6441
1475	6445
1469	6447
1463	6450
1474	6452
1486	6454
1486	6457
1489	6459
1510	6462
1514	6464
1500	6467
1484	6469
1473	6471
1490	6474
1512	6476
1511	6479
1511	6481
1533	6483
1537	6487
1516	6489
1492	6492
1478	6494
1494	6496
1523	6499
1529	6501
1516	6504
1500	6506
1487	6508
1504	6511
1538	6513
1545	6516
1526	6518
1508	6520
1496	6523
1481	6525
1461	6529
1446	6531
1440	6533
1443	6536
1449	6538
1466	6541
1482	6543
1496	6545
1510	6548
1512	6550
1510	6553
1520	6555
1526	6557
1519	6560
1501	6562
1484	6565
1481	6567
1494	6571
1493	6573
1479	6575
1466	6578
1460	6580
1470	6583
1493	6585
1502	6587
1495	6590
1478	6592
1472	6595
1482	6597
1511	6599
1524	6602
1530	6604
1520	6607
1494	6609
1475	6611
1462	6615
1453	6617
1448	6620
1454	6622
1482	6624
1502	6627
1498	6629
1499	6632
1512	6634
1513	6636
1493	6639
1471	6641
1457	6644
1466	6646
1503	6648
1530	6651
1534	6653
1519	6657
1503	6659
1492	6662
1482	6664
1478	6666
1484	6669
1503	6671
1523	6674
1524	6676
1511	6678
1499	6681
1483	6683
1468	6686
1460	6688
1454	6690
1456	6693
1461	6695
1468	6699
1476	6701
1484	6703
1504	6706
1523	6708
1524	6711
1513	6713
1494	6715
1482	6718
1496	6720
1510	6723
1512	6725
1502	6728
1489	6730
1485	6732
1488	6735
1487	6737
1482	6740
1490	6743
1500	6745
1501	6748
1498	6750
1488	6753
1480	6755
1468	6757
1456	6760
1451	6762
1463	6765
1476	6767
1474	6769
1466	6772
1457	6774
1457	6777
1463	6779
1474	6781
1487	6785
1494	6787
1499	6790
1508	6792
1527	6794
1552	6797
1555	6799
1543	6802
1530	6804
1517	6807
1520	6809
1528	6811
1538	6814
1537	6816
1541	6819
1536	6821
1517	6823
1495	6827
1477	6829
1466	6832
1467	6834
1469	6836
1464	6839
1460	6841
1459	6844
1456	6846
1450	6848
1456	6851
1471	6853
1501	6856
1519	6858
1516	6860
1504	6863
1484	6865
1477	6868
1489	6871
1509	6873
1519	6876
1537	6878
1550	6881
1550	6883
1537	6886
1512	6888
1482	6890
1459	6893
1457	6895
1459	6898
1467	6900
1478	6902
1490	6905
1505	6907
1513	6910
1509	6913
1504	6915
1499	6918
1488	6920
1490	6923
1489	6925
1478	6927
1475	6930
1489	6932
1502	6935
1499	6937
1491	6939
1484	6942
1482	6944
1478	6947
1469	6949
1457	6951
1456	6955
1480	6957
1507	6960
1517	6962
1515	6965
1495	6967
1471	6969
1462	6972
1499	6974
1530	6977
1537	6979
1516	6981
1497	6984
1492	6986
1486	6989
1479	6991
1469	6993
1459	6996
1449	6999
1449	7002
1450	7004
1453	7006
1458	7009
1464	7011
1461	7014
1455	7016
1457	7018
1464	7021
1476	7023
1495	7026
1511	7028
1523	7030
1532	7033
1520	7035
1508	7038
1497	7041
1490	7044
1487	7046
1485	7048
1486	7051
1497	7053
1507	7056
1514	7058
1525	7060
1536	7063
1536	7065
1524	7068
1505	7070
1502	7072
1496	7075
1481	7077
1470	7080
1468	7083
1476	7085
1480	7088
1478	7090
1477	7093
1479	7095
1487	7097
1500	7100
1497	7102
1487	7105
1486	7107
1493	7109
1500	7112
1502	7114
1501	7117
1498	7119
1496	7122
1484	7124
1475	7127
1467	7130
1471	7132
1503	7135
1521	7137
1513	7139
1490	7142
1491	7144
1501	7147
1501	7149
1492	7151
1486	7154
1480	7156
1480	7159
1494	7161
1509	7163
1518	7166
1518	7169
1512	7172
1502	7174
1487	7176
1476	7179
1479	7181
1482	7184
1489	7186
1490	7188
1484	7191
1480	7193
1489	7196
1496	7198
1509	7201
1520	7203
1517	7205
1504	7208
1488	7211
1485	7214
1489	7216
1497	7218
1499	7221
1495	7223
1493	7226
1506	7228
1529	7230
1546	7233
1535	7235
1514	7238
1502	7240
1488	7242
1474	7245
1474	7247
1480	7250
1480	7252
1483	7255
1485	7258
1480	7260
1472	7263
1466	7265
1456	7267
1454	7270
1461	7272
1466	7275
1480	7277
1511	7280
1525	7282
1524	7284
1528	7287
1525	7289
1507	7292
1483	7294
1469	7297
1456	7300
1460	7302
1472	7305
1488	7307
1497	7309
1497	7312
1511	7314
1523	7317
1515	7319
1494	7321
1475	7324
1459	7326
1453	7329
1462	7331
1483	7333
1490	7336
1485	7339
1480	7342
1487	7344
1497	7347
1507	7349
1520	7351
1516	7354
1502	7356
1486	7359
1474	7361
1466	7363
1463	7366
1465	7368
1468	7371
1476	7373
1488	7375
1508	7378
1517	7380
1513	7384
1503	7386
1501	7388
1494	7391
1500	7393
1521	7396
1524	7398
1507	7400
1490	7403
1480	7405
1471	7408
1471	7410
1471	7412
1467	7415
1465	7417
1477	7420
1519	7422
1551	7426
1548	7428
1527	7430
1504	7433
1486	7435
1481	7438
1485	7440
1480	7442
1470	7445
1462	7447
1458	7450
1458	7452
1464	7454
1469	7457
1467	7459
1466	7462
1486	7464
1504	7467
1508	7470
1499	7472
1487	7475
1476	7477
1476	7479
1477	7482
1480	7484
1489	7487
1504	7489
1504	7492
1490	7494
1478	7496
1470	7499
1470	7501
1486	7504
1513	7506
1516	7508
1502	7512
1489	7514
1475	7517
1469	7519
1470	7521
1467	7524
1466	7526
1467	7529
1483	7531
1510	7533
1518	7536
1502	7538
1489	7541
1497	7543
1500	7545
1506	7548
1511	7550
1511	7554
1501	7556
1493	7558
1490	7561
1510	7563
1528	7566
1520	7568
1502	7571
1480	7573
1468	7575
1462	7578
1473	7580
1482	7583
1478	7585
1468	7587
1467	7590
1489	7592
1516	7596
1523	7598
1512	7600
1502	7603
1501	7605
1492	7608
1485	7610
1485	7612
1478	7615
1469	7617
1471	7620
1485	7622
1497	7624
1497	7627
1506	7629
1524	7632
1527	7634
1521	7638
1504	7640
1482	7642
1474	7645
1475	7647
1473	7650
1473	7652
1468	7654
1461	7657
1471	7659
1511	7662
1535	7664
1532	7666
1511	7669
1489	7671
1485	7674
1489	7676
1483	7678
1468	7682
1480	7684
1506	7687
1515	7689
1507	7692
1488	7694
1469	7696
1477	7699
1500	7701
1506	7704
1493	7706
1480	7708
1484	7711
1488	7713
1480	7716
1472	7718
1481	7720
1494	7724
1504	7726
1510	7729
1503	7731
1483	7733
1464	7736
1449	7738
1451	7741
1457	7743
1462	7745
1477	7748
1509	7750
1533	7753
1550	7755
1548	7758
1529	7760
1500	7762
1489	7766
1489	7768
1486	7771
1480	7773
1475	7775
1475	7778
1487	7780
1502	7783
1505	7785
1486	7787
1476	7790
1481	7792
1476	7795
1474	7797
1477	7799
1476	7802
1476	7804
1479	7808
1478	7810
1467	7812
1460	7815
1474	7817
1496	7820
1530	7822
1557	7824
1552	7827
1535	7829
1507	7832
1479	7834
1456	7837
1440	7839
1429	7841
1427	7844
1429	7846
1429	7849
1429	7852
1430	7854
1433	7857
1441	7859
1457	7862
1468	7864
1467	7866
1462	7869
1461	7871
1458	7874
1455	7876
1461	7878
1480	7881
1497	7883
1505	7886
1501	7888
1493	7890
1485	7894
1478	7896
1469	7899
1474	7901
1496	7903
1513	7906
1525	7908
1530	7911
1518	7913
1501	7916
1490	7918
1484	7920
1481	7923
1492	7925
1498	7928
1490	7930
1485	7932
1486	7936
1486	7938
1488	7941
1492	7943
1494	7945
1494	7948
1508	7950
1532	7953
1550	7955
1557	7957
1545	7960
1533	7962
1530	7965
1528	7967
1510	7969
1487	7972
1482	7974
1486	7977
1485	7980
1475	7983
1467	7985
1473	7987
1490	7990
1513	7992
1522	7995
1527	7997
1523	7999
1511	8002
1497	8004
1486	8007
1469	8009
1457	8011
1458	8014
1486	8016
1500	8019
1495	8022
1481	8024
1464	8027
1456	8029
1465	8032
1468	8034
1478	8036
1500	8039
1509	8041
1496	8044
1477	8046
1465	8048
1469	8051
1495	8053
1519	8056
1527	8058
1514	8060
1507	8064
1522	8066
1545	8069
1539	8071
1516	8074
1494	8076
1476	8078
1467	8081
1461	8083
1460	8086
1464	8088
1465	8090
1460	8093
1459	8095
1467	8098
1483	8100
1489	8102
1481	8105
1468	8108
1462	8111
1461	8113
1483	8115
1506	8118
1521	8120
1520	8123
1519	8125
1526	8127
1529	8130
1522	8132
1518	8135
1513	8137
1498	8139
1480	8142
1473	8144
1478	8147
1489	8150
1490	8152
1482	8155
1470	8157
1452	8160
1434	8162
1435	8165
1450	8167
1457	8169
1464	8172
1470	8174
1477	8177
1489	8179
1509	8181
1543	8184
1553	8186
1535	8189
1516	8192
1497	8194
1480	8197
1468	8199
1460	8202
1461	8204
1471	8206
1488	8209
1508	8211
1526	8214
1526	8216
1509	8218
1494	8221
1479	8223
1459	8226
1446	8228
1470	8230
1505	8233
1547	8236
1570	8239
1570	8241
1540	8243
1504	8246
1475	8248
1454	8251
1445	8253
1442	8256
1439	8258
1438	8260
1439	8263
1439	8265
1440	8268
1442	8270
1440	8272
1436	8275
1432	8278
1432	8281
1441	8283
1472	8285
1504	8288
1517	8290
1529	8293
1539	8295
1531	8297
1522	8300
1522	8302
1536	8305
1546	8307
1566	8309
1572	8312
1557	8314
1535	8317
1526	8320
1514	8323
1495	8325
1479	8327
1474	8330
1469	8332
1462	8335
1458	8337
1460	8339
1472	8342
1493	8344
1507	8347
1512	8349
1511	8351
1525	8354
1548	8356
1554	8359
1539	8361
1518	8364
1510	8367
1498	8369
1491	8372
1488	8374
1486	8376
1485	8379
1495	8381
1511	8384
1519	8386
1526	8388
1521	8391
1501	8393
1476	8396
1466	8398
1465	8401
1486	8403
1497	8406
1485	8409
1465	8411
1457	8414
1454	8416
1450	8418
1459	8421
1495	8423
1517	8426
1514	8428
1495	8430
1479	8433
1467	8435
1463	8438
1475	8440
1479	8442
1477	8445
1491	8448
1523	8451
1537	8453
1524	8455
1500	8458
1468	8460
1445	8463
1428	8465
1422	8467
1421	8470
1427	8472
1444	8475
1464	8477
1479	8480
1493	8482
1505	8484
1511	8487
1507	8489
1494	8493
1478	8495
1471	8497
1473	8500
1488	8502
1512	8505
1543	8507
1546	8509
1536	8512
1534	8514
1546	8517
1536	8519
1510	8521
1492	8524
1487	8526
1483	8529
1487	8531
1496	8534
1508	8537
1500	8539
1482	8542
1467	8544
1475	8546
1489	8549
1492	8551
1509	8554
1521	8556
1518	8559
1501	8561
1493	8563
1494	8566
1499	8568
1493	8571
1489	8573
1496	8576
1516	8579
1525	8581
1525	8584
1509	8586
1490	8588
1470	8591
1482	8593
1507	8596
1520	8598
1520	8600
1513	8603
1504	8605
1495	8608
1486	8610
1472	8612
1467	8615
1481	8617
1498	8621
1499	8623
1494	8625
1491	8628
1488	8630
1488	8633
1481	8635
1466	8638
1455	8640
1450	8642
1472	8645
1518	8647
1534	8650
1531	8652
1525	8654
1529	8657
1514	8659
1487	8663
1474	8665
1483	8667
1490	8670
1488	8672
1479	8675
1487	8677
1501	8679
1499	8682
1486	8684
1477	8687
1468	8689
1466	8691
1475	8694
1487	8696
1492	8699
1484	8701
1469	8704
1458	8707
1462	8709
1478	8712
1499	8714
1504	8717
1494	8719
1484	8721
1478	8724
1471	8726
1491	8729
1505	8731
1491	8733
1471	8736
1457	8738
1447	8741
1456	8743
1500	8745
1520	8749
1511	8751
1499	8754
1486	8756
1470	8758
1460	8761
1455	8763
1456	8766
1487	8768
1526	8770
1534	8773
1511	8775
1490	8778
1474	8780
1459	8782
1457	8785
1459	8787
1459	8791
1476	8793
1509	8796
1520	8798
1498	8800
1495	8803
1498	8805
1487	8808
1476	8810
1466	8812
1455	8815
1444	8817
1433	8820
1430	8822
1455	8824
1489	8827
1509	8829
1511	8833
1511	8835
1509	8837
1500	8840
1495	8842
1490	8845
1491	8847
1510	8849
1522	8852
1520	8854
1523	8857
1536	8859
1532	8861
1527	8864
1518	8866
1499	8869
1481	8871
1480	8875
1492	8877
1501	8879
1496	8882
1487	8884
1481	8887
1473	8889
1466	8891
1463	8894
1461	8896
1459	8899
1459	8901
1457	8903
1482	8906
1510	8908
1517	8911
1525	8913
1535	8915
1539	8919
1537	8921
1529	8924
1513	8926
1513	8928
1520	8931
1520	8933
1517	8936
1515	8938
1519	8941
1517	8943
1497	8945
1478	8948
1461	8950
1451	8953
1448	8955
1447	8957
1449	8961
1470	8963
1490	8966
1493	8968
1488	8970
1479	8973
1468	8975
1463	8978
1464	8980
1486	8982
1509	8985
1516	8987
1510	8990
1511	8992
1514	8994
1519	8997
1523	8999
1513	9003
1510	9005
1524	9007
1535	9010
1524	9012
1509	9015
1488	9017
1470	9020
1461	9022
1459	9024
1458	9027
1455	9029
1453	9032
1454	9034
1456	9036
1455	9039
1452	9041
1449	9044
1448	9047
1454	9049
1475	9052
1501	9054
1514	9057
1521	9059
1520	9061
1515	9064
1509	9066
1502	9069
1505	9071
1524	9073
1533	9076
1533	9078
1524	9081
1511	9083
1492	9085
1481	9089
1478	9091
1475	9094
1471	9096
1467	9099
1463	9101
1462	9103
1465	9106
1473	9108
1489	9111
1498	9113
1504	9115
1506	9118
1507	9120
1505	9123
1498	9125
1490	9127
1484	9131
1480	9133
1488	9136
1510	9138
1529	9140
1534	9143
1526	9145
1512	9148
1496	9150
1484	9152
1471	9155
1463	9157
1461	9160
1460	9162
1464	9164
1472	9167
1482	9169
1483	9172
1480	9175
1478	9178
1476	9180
1472	9182
1468	9185
1465	9187
1464	9190
1464	9192
1464	9194
1465	9197
1466	9199
1470	9202
1476	9204
1479	9206
1481	9209
1481	9211
1481	9214
1481	9217
1492	9219
1511	9222
1529	9224
1531	9227
1524	9229
1517	9231
1507	9234
1495	9236
1485	9239
1478	9241
1474	9244
1472	9246
1471	9248
1470	9251
1470	9253
1471	9256
1471	9259
1472	9261
1472	9264
1473	9266
1473	9269
1473	9271
1474	9273
1474	9276
1475	9278
1475	9281
1475	9283
1476	9285
1476	9288
1477	9290
1477	9293
1478	9295
1478	9297
1479	9300
1480	9303
1480	9306
1481	9308
1481	9311
1482	9313
1483	9315
1483	9318
1484	9320
1485	9323
1486	9325
1487	9327
1488	9330
1488	9332
1489	9335
1489	9337
1489	9339
1488	9342
1488	9345
1489	9348
1491	9350
1492	9352
1492	9355
1490	9357
1488	9360
1486	9362
1484	9364
1483	9367
1483	9369
1484	9372
1484	9374
1484	9376
1484	9379
1484	9381
1483	9384
1483	9387
1482	9390
1482	9392
1482	9394
1481	9397
1481	9399
1481	9402
1481	9404
1481	9406
1481	9409
1481	9411
1481	9414
1481	9416
1480	9418
1478	9421
1478	9423
1478	9426
1479	9428
1480	9431
1480	9434
1481	9436
1482	9439
1482	9441
1482	9443
1482	9446
1482	9448
1482	9451
1482	9453
1482	9456
1482	9458
1483	9460
1483	9463
1483	9465
1484	9468
1484	9470
1485	9473
1485	9476
1486	9478
1486	9481
1488	9483
1488	9485
1488	9488
1486	9490
1485	9493
1483	9495
1482	9497
1480	9500
1478	9502
1476	9505
1475	9507
1476	9510
1477	9512
1478	9515
1479	9518
1479	9520
1480	9523
1480	9525
1480	9527
1480	9530
1479	9532
1478	9535
1477	9537
1477	9539
1476	9542
1476	9544
1475	9547
1475	9549
1475	9551
1474	9554
1474	9556
1474	9560
1474	9562
1474	9564
1474	9567
1475	9569
1476	9572
1479	9574
1480	9577
1480	9579
1480	9581
1480	9584
1480	9586
1480	9589
1478	9591
1477	9593
1475	9596
1473	9598
1472	9602
1471	9604
1471	9606
1471	9609
1471	9611
1470	9614
1470	9616
1470	9618
1470	9621
1469	9623
1471	9626
1474	9628
1475	9630
1474	9633
1472	9635
1470	9638
1470	9640
1469	9643
1469	9646
1469	9648
1469	9651
1469	9653
1469	9656
1470	9658
1470	9660
1470	9663
1470	9665
1470	9668
1470	9670
1471	9672
1471	9675
1473	9677
1475	9680
1477	9682
1480	9684
1480	9688
1478	9690
1476	9693
1475	9695
1475	9697
1476	9700
1476	9702
1477	9705
1477	9707
1478	9709
1480	9712
1482	9714
1483	9717
1484	9719
1485	9722
1486	9724
1487	9726
1488	9730
1488	9732
1489	9735
1489	9737
1490	9739
1491	9742
1491	9744
1492	9747
1493	9749
1495	9751
1495	9754
1496	9756
1495	9759
1495	9761
1495	9763
1495	9766
1495	9768
1496	9772
1497	9774
1498	9776
1498	9779
1499	9781
1500	9784
1501	9786
1501	9789
1502	9791
1503	9793
1506	9796
1507	9798
1507	9801
1507	9803
1507	9805
1507	9808
1507	9810
1507	9814
1507	9816
1508	9818
1508	9821
1508	9823
1509	9826
1510	9828
1510	9830
1510	9833
1509	9835
1509	9838
1508	9840
1508	9842
1508	9845
1508	9847
1508	9850
1508	9852
1508	9856
1509	9858
1510	9860
1511	9863
1511	9865
1510	9868
1510	9870
1510	9872
1509	9875
1507	9877
1505	9880
1504	9882
1504	9884
1503	9887
1502	9889
1500	9892
1499	9894
1498	9896
1498	9900
1499	9902
1500	9905
1501	9907
1501	9909
1501	9912
1501	9914
1502	9917
1502	9919
1502	9922
1502	9924
1502	9926
1503	9929
1503	9931
1503	9934
1504	9936
1504	9938
1504	9942
1503	9944
1503	9947
1503	9949
1504	9951
1505	9954
1505	9956
1505	9959
1504	9961
1503	9963
1502	9966
1501	9968
1500	9971
1500	9973
1499	9975
1499	9978
1499	9980
1498	9984
1497	9986
1496	9989
1496	9991
1496	9993
1498	9996
1499	9998
1498	10001
1495	10003
1492	10005
1491	10008
1490	10010
1489	10013
1489	10015
1488	10018
1488	10020
1487	10023
1487	10025
1486	10029
1486	10031
1486	10033
1486	10036
1486	10038
1486	10041
1485	10043
1486	10046
1486	10048
1486	10051
1486	10053
1486	10056
1486	10058
1486	10061
1487	10063
1487	10065
1486	10068
1486	10071
1485	10074
1484	10076
1485	10079
1487	10081
1488	10084
1490	10086
1489	10089
1488	10091
1487	10093
1487	10096
1487	10098
1486	10101
1486	10103
1486	10106
1485	10108
1484	10112
1484	10114
1483	10117
1483	10119
1482	10121
1482	10124
1482	10126
1481	10129
1481	10131
1481	10134
1481	10136
1482	10139
1482	10141
1482	10144
1483	10146
1483	10149
1484	10151
1484	10153
1485	10157
1486	10159
1488	10162
1490	10164
1491	10167
1490	10169
1490	10172
1489	10174
1488	10177
1487	10179
1487	10181
1486	10184
1485	10186
1484	10189
1483	10191
1483	10194
1483	10196
1483	10200
1483	10202
1484	10205
1484	10207
1485	10209
1485	10212
1485	10214
1485	10217
1485	10219
1485	10222
1485	10224
1486	10227
1486	10229
1486	10232
1486	10234
1486	10236
1486	10240
1487	10242
1487	10245
1487	10247
1487	10250
1487	10252
1487	10255
1488	10257
1488	10260
1488	10262
1489	10265
1489	10267
1489	10269
1489	10272
1489	10274
1489	10277
1489	10279
1489	10283
1489	10285
1488	10288
1488	10290
1487	10293
1486	10295
1485	10297
1484	10300
1485	10302
1485	10305
1485	10307
1485	10310
1485	10312
1485	10315
1485	10317
1485	10320
1486	10322
1486	10324
1486	10328
1487	10330
1487	10333
1487	10335
1488	10338
1488	10340
1488	10343
1488	10345
1489	10348
1489	10350
1489	10353
1490	10355
1492	10357
1494	10360
1495	10362
1494	10365
1493	10368
1492	10371
1491	10373
1490	10376
1490	10378
1490	10381
1489	10383
1489	10385
1489	10388
1489	10390
1489	10393
1489	10395
1488	10398
1488	10400
1487	10403
1487	10405
1488	10408
1488	10411
1489	10413
1489	10416
1489	10418
1489	10421
1489	10423
1488	10426
1488	10428
1487	10431
1487	10433
1487	10436
1487	10438
1488	10440
1488	10443
1488	10445
1489	10448
1489	10450
1488	10454
1489	10456
1490	10459
1490	10461
1491	10464
1492	10466
1493	10469
1492	10471
1491	10473
1490	10476
1491	10478
1491	10481
1491	10483
1491	10486
1491	10488
1491	10491
1492	10493
1492	10497
1492	10499
1492	10501
1491	10504
1491	10506
1491	10509
1490	10511
1490	10514
1489	10516
1489	10519
1488	10521
1487	10524
1486	10526
1486	10528
1487	10531
1487	10533
1487	10536
1487	10539
1488	10542
1488	10544
1488	10547
1488	10549
1488	10552
1488	10554
1489	10556
1489	10559
1489	10561
1489	10564
1490	10566
1490	10569
1491	10571
1492	10574
1492	10576
1492	10579
1491	10582
1490	10585
1488	10587
1488	10589
1488	10592
1488	10594
1487	10597
1488	10599
1487	10602
1487	10604
1487	10607
1487	10609
1488	10612
1488	10614
1488	10616
1488	10619
1489	10621
1489	10625
1489	10627
1489	10630
1490	10632
1491	10635
1491	10637
1491	10640
1492	10642
1492	10644
1492	10647
1493	10649
1493	10652
1494	10654
1494	10657
1493	10659
1492	10662
1492	10664
1492	10668
1493	10670
1493	10673
1494	10675
1494	10677
1494	10680
1495	10682
1495	10685
1495	10687
1495	10690
1495	10692
1495	10695
1495	10697
1495	10700
1496	10702
1496	10704
1496	10707
1496	10710
1495	10713
1495	10715
1495	10718
1495	10720
1494	10723
1494	10725
1493	10728
1493	10730
1492	10732
1492	10735
1492	10737
1492	10740
1492	10742
1492	10745
1492	10747
1492	10750
1492	10753
1491	10756
1491	10758
1491	10760
1491	10763
1492	10765
1492	10768
1493	10770
1494	10773
1494	10775
1494	10778
1493	10780
1493	10783
1492	10785
1492	10788
1492	10790
1492	10792
1493	10796
1494	10798
1494	10801
1494	10803
1494	10806
1494	10808
1494	10811
1494	10813
1494	10816
1495	10818
1495	10820
1495	10823
1495	10825
1495	10828
1495	10830
1496	10833
1497	10835
1498	10839
1497	10841
1495	10844
1493	10846
1493	10848
1492	10851
1492	10853
1492	10856
1493	10858
1493	10861
1492	10863
1491	10866
1490	10868
1490	10871
1490	10873
1491	10876
1491	10878
1492	10881
1493	10884
1493	10886
1493	10889
1493	10891
1493	10894
1493	10896
1493	10899
1494	10901
1494	10904
1493	10906
1492	10908
1491	10911
1490	10913
1490	10916
1489	10918
1489	10921
1489	10924
1488	10927
1488	10929
1487	10932
1487	10934
1487	10936
1487	10939
1486	10941
1486	10944
1485	10946
1484	10949
1483	10951
1484	10954
1485	10956
1485	10959
1485	10961
1486	10963
1486	10967
1486	10969
1486	10972
1486	10974
1486	10977
1486	10979
1486	10982
1486	10984
1487	10987
1487	10989
1487	10992
1487	10994
1487	10996
1488	10999
1488	11001
1488	11004
1487	11006
1488	11010
1488	11012
1488	11015
1487	11017
1486	11020
1485	11022
1484	11024
1483	11027
1482	11029
1481	11032
1481	11034
1480	11037
1479	11039
1479	11042
1478	11044
1478	11047
1477	11049
1476	11052
1475	11055
1474	11057
1474	11060
1475	11062
1475	11065
1474	11067
1473	11070
1473	11072
1473	11075
1472	11077
1472	11079
1472	11082
1472	11084
1472	11087
1472	11089
1472	11092
1472	11095
1471	11098
1471	11100
1470	11103
1471	11105
1472	11108
1473	11110
1474	11112
1476	11115
1477	11117
1478	11120
1478	11122
1479	11125
1480	11127
1481	11130
1481	11132
1481	11136
1481	11138
1482	11140
1483	11143
1485	11145
1487	11148
1490	11150
1491	11153
1491	11155
1492	11158
1492	11160
1492	11163
1491	11165
1491	11167
1491	11170
1491	11172
1491	11175
1491	11177
1491	11181
1491	11183
1492	11186
1492	11188
1493	11191
1493	11193
1493	11196
1493	11198
1492	11200
1492	11203
1492	11205
1493	11208
1494	11210
1494	11213
1495	11215
1495	11218
1495	11220
1495	11224
1495	11226
1495	11228
1495	11231
1495	11233
1495	11236
1495	11238
1495	11241
1495	11243
1495	11246
1495	11248
1496	11251
1496	11253
1496	11255
1496	11258
1496	11260
1496	11264
1496	11266
1496	11269
1496	11271
1496	11274
1496	11276
1496	11279
1497	11281
1498	11283
1500	11286
1500	11288
1500	11291
1499	11293
1499	11296
1499	11298
1499	11301
1499	11303
1498	11307
1498	11309
1497	11312
1497	11314
1496	11316
1496	11319
1495	11321
1495	11324
1495	11326
1495	11329
1495	11331
1495	11334
1496	11336
1496	11339
1495	11341
1495	11343
1495	11346
1496	11348
1497	11352
1497	11354
1498	11357
1499	11359
1499	11362
1499	11364
1499	11367
1500	11369
1500	11371
1500	11374
1500	11376
1499	11379
1499	11381
1498	11384
1499	11386
1500	11389
1501	11392
1501	11395
1501	11397
1499	11399
1497	11402
1495	11404
1493	11407
1491	11409
1488	11412
1486	11414
1484	11417
1482	11419
1481	11422
1479	11424
1478	11427
1476	11429
1475	11431
1473	11435
1471	11437
1469	11440
1467	11442
1465	11445
1463	11447
1462	11450
1460	11452
1459	11455
1456	11457
1453	11459
1448	11462
1444	11464
1441	11467
1441	11469
1441	11472
1442	11474
1442	11478
1442	11480
1442	11483
1442	11485
1442	11487
1443	11490
1443	11492
1443	11495
1443	11497
1444	11500
1445	11502
1447	11505
1449	11507
1449	11510
1449	11512
1450	11515
1450	11517
1451	11520
1451	11523
1452	11525
1453	11528
1454	11530
1455	11533
1456	11535
1456	11538
1457	11540
1457	11543
1458	11545
1460	11547
1461	11550
1462	11552
1462	11555
1463	11557
1464	11560
1465	11563
1467	11566
1468	11568
1470	11571
1472	11573
1473	11575
1474	11578
1475	11580
1477	11583
1478	11585
1480	11588
1481	11590
1483	11593
1484	11595
1485	11598
1486	11600
1488	11602
1489	11606
1490	11608
1492	11611
1493	11613
1495	11616
1496	11618
1497	11621
1498	11623
1499	11626
1501	11628
1502	11631
1503	11633
1504	11635
1505	11638
1505	11640
1506	11643
1507	11645
1508	11649
1509	11651
1511	11654
1512	11656
1512	11659
1513	11661
1513	11663
1514	11666
1515	11668
1515	11671
1515	11673
1515	11676
1515	11678
1515	11681
1515	11683
1515	11686
1514	11688
1514	11691
1514	11694
1513	11696
1512	11699
1512	11701
1512	11704
1511	11706
1510	11709
1508	11711
1506	11714
1503	11716
1501	11719
1498	11721
1496	11723
1494	11726
1493	11728
1491	11731
1490	11734
1488	11737
1487	11739
1486	11742
1485	11744
1485	11747
1484	11749
1484	11751
1483	11754
1482	11756
1482	11759
1481	11761
1480	11764
1479	11766
1478	11769
1477	11771
1477	11774
1477	11777
1476	11779
1476	11782
1476	11784
1477	11787
1478	11789
1479	11792
1480	11794
1480	11797
1480	11799
1481	11802
1482	11804
1485	11807
1487	11809
1489	11811
1491	11814
1492	11816
1494	11820
1494	11822
1495	11825
1496	11827
1497	11830
1498	11832
1499	11835
1501	11837
1502	11839
1503	11842
1505	11844
1506	11847
1508	11849
1509	11852
1510	11854
1511	11857
1512	11859
1513	11863
1514	11865
1515	11867
1516	11870
1516	11872
1517	11875
1517	11877
1517	11880
1518	11882
1518	11885
1518	11887
