I2C Verbindung gefunden!.
1492	2
1492	4
1493	7
1493	9
1493	11
1493	13
1493	16
1492	18
1492	20
1492	23
1493	25
1494	27
1495	30
1493	32
1492	34
1492	36
1492	39
1492	41
1492	44
1492	47
1492	49
1493	51
1492	54
1491	56
1490	58
1490	61
1489	63
1489	65
1489	67
1489	70
1488	72
1489	74
1488	77
1487	79
1488	81
1489	84
1489	87
1490	89
1489	91
1488	94
1486	96
1486	98
1487	101
1488	103
1487	105
1487	108
1488	110
1488	112
1489	115
1489	117
1489	120
1489	122
1488	124
1486	128
1486	130
1486	132
1487	135
1489	137
1490	139
1490	142
1491	144
1490	146
1490	149
1489	151
1490	153
1489	156
1488	158
1489	161
1488	163
1489	165
1489	168
1489	171
1490	173
1490	176
1490	178
1489	180
1488	183
1487	185
1488	187
1489	190
1490	192
1491	194
1491	197
1490	199
1490	202
1491	204
1491	206
1491	209
1490	211
1490	214
1491	217
1492	219
1491	221
1491	224
1491	226
1490	228
1490	231
1490	233
1489	236
1490	238
1491	240
1491	243
1491	245
1491	247
1492	250
1492	252
1492	254
1492	258
1490	260
1488	262
1488	265
1489	267
1490	269
1491	272
1491	274
1491	277
1490	279
1491	281
1490	284
1489	286
1488	288
1488	291
1489	293
1488	295
1488	299
1487	301
1487	303
1488	306
1489	308
1489	310
1489	313
1487	315
1486	318
1487	320
1487	322
1488	325
1489	327
1490	329
1490	332
1490	334
1491	336
1490	339
1489	342
1487	344
1487	347
1488	349
1488	351
1488	354
1488	356
1489	359
1488	361
1487	363
1487	366
1489	368
1490	370
1490	373
1489	375
1489	377
1490	380
1489	382
1489	385
1490	388
1492	390
1492	393
1491	395
1489	397
1489	400
1490	402
1491	404
1491	407
1491	409
1491	411
1492	414
1490	416
1490	418
1491	421
1492	423
1492	425
1491	429
1491	431
1492	434
1491	436
1491	438
1491	441
1491	443
1491	445
1490	448
1490	450
1491	452
1491	455
1490	457
1491	459
1491	462
1491	464
1491	466
1490	470
1489	472
1491	475
1492	477
1491	479
1490	482
1491	484
1491	486
1491	489
1492	491
1492	493
1492	496
1490	498
1490	500
1490	503
1492	505
1492	508
1492	510
1492	513
1493	516
1493	518
1493	520
1493	523
1493	525
1491	527
1491	530
1491	532
1492	534
1491	537
1493	539
1492	541
1491	544
1491	546
1491	549
1491	551
1491	553
1491	557
1491	559
1492	561
1492	564
1491	566
1491	568
1491	571
1491	573
1491	575
1491	578
1492	580
1493	583
1493	585
1492	587
1492	590
1493	592
1492	594
1491	598
1491	600
1492	602
1493	605
1492	607
1491	609
1491	612
1491	614
1492	616
1493	619
1493	621
1493	624
1493	626
1493	628
1492	631
1491	633
1491	635
1491	638
1491	641
1490	643
1490	646
1490	648
1490	650
1490	653
1491	655
1491	658
1491	660
1491	662
1491	665
1492	667
1491	669
1491	672
1491	674
1492	676
1492	679
1493	681
1493	684
1492	687
1491	689
1491	691
1491	694
1490	696
1488	699
1490	701
1492	703
1494	706
1493	708
1493	710
1493	713
1493	715
1493	717
1493	720
1493	722
1493	724
1492	728
1492	730
1493	732
1493	735
1493	737
1492	740
1492	742
1492	744
1492	747
1492	749
1491	751
1490	754
1490	756
1491	758
1491	761
1492	763
1492	765
1492	769
1493	771
1494	774
1492	776
1492	778
1492	781
1492	783
1491	785
1491	788
1493	790
1494	792
1495	795
1495	797
1495	799
1495	802
1495	804
1494	806
1494	809
1494	812
1495	815
1495	817
1494	819
1494	822
1493	824
1494	826
1495	829
1495	831
1495	833
1495	836
1495	838
1496	840
1496	843
1495	845
1495	847
1496	850
1497	852
1498	856
1498	858
1497	860
1496	863
1496	865
1496	867
1496	870
1497	872
1497	874
1496	877
1496	879
1495	881
1495	884
1495	886
1492	889
1491	891
1492	893
1493	897
1493	899
1493	901
1492	904
1491	906
1491	908
1492	911
1493	913
1493	915
1492	918
1491	920
1491	922
1491	925
1491	927
1491	930
1491	932
1491	934
1491	937
1490	940
1490	942
1491	945
1490	947
1490	949
1491	952
1492	954
1493	956
1492	959
1492	961
1493	963
1493	966
1493	968
1492	971
1492	973
1491	975
1491	978
1490	980
1491	983
1491	986
1490	988
1490	990
1491	993
1492	995
1492	997
1491	1000
1491	1002
1492	1005
1492	1007
1492	1009
1491	1012
1492	1014
1492	1017
1491	1019
1491	1021
1492	1025
1492	1027
1491	1030
1491	1032
1492	1034
1493	1037
1494	1039
1493	1042
1493	1044
1494	1047
1494	1049
1493	1051
1493	1054
1493	1056
1492	1059
1493	1061
1493	1063
1493	1067
1493	1069
1493	1072
1492	1074
1492	1076
1493	1079
1494	1081
1494	1084
1494	1086
1495	1088
1495	1091
1497	1093
1497	1096
1496	1098
1494	1100
1492	1103
1492	1105
1491	1108
1492	1111
1492	1113
1493	1116
1493	1118
1492	1121
1492	1123
1491	1125
1492	1128
1493	1130
1493	1133
1493	1135
1494	1137
1492	1140
1491	1142
1491	1145
1492	1147
1493	1150
1493	1153
1493	1155
1492	1158
1490	1160
1491	1163
1491	1165
1491	1167
1491	1170
1491	1172
1491	1175
1491	1177
1491	1179
1491	1182
1490	1184
1489	1187
1489	1189
1489	1191
1490	1195
1491	1197
1491	1200
1490	1202
1488	1204
1489	1207
1489	1209
1490	1212
1490	1214
1489	1216
1488	1219
1488	1221
1487	1224
1487	1226
1488	1229
1489	1231
1489	1233
1489	1236
1489	1239
1489	1242
1489	1244
1489	1246
1491	1249
1492	1251
1492	1254
1490	1256
1488	1258
1488	1261
1488	1263
1489	1266
1490	1268
1490	1270
1489	1273
1489	1275
1488	1278
1489	1281
1490	1283
1491	1286
1490	1288
1490	1291
1491	1293
1490	1295
1490	1298
1489	1300
1490	1303
1490	1305
1490	1307
1490	1310
1491	1312
1491	1315
1490	1317
1490	1319
1490	1323
1491	1325
1490	1328
1489	1330
1488	1332
1489	1335
1490	1337
1491	1340
1491	1342
1490	1344
1490	1347
1491	1349
1492	1352
1492	1354
1492	1357
1492	1359
1491	1361
1489	1364
1488	1367
1488	1370
1490	1372
1491	1374
1492	1377
1493	1379
1493	1382
1492	1384
1492	1386
1492	1389
1492	1391
1492	1394
1493	1396
1493	1398
1493	1401
1493	1403
1492	1406
1491	1409
1492	1411
1493	1414
1492	1416
1492	1419
1492	1421
1493	1423
1493	1426
1492	1428
1492	1431
1492	1433
1492	1435
1492	1438
1492	1440
1493	1443
1494	1445
1493	1448
1492	1451
1492	1453
1494	1456
1494	1458
1494	1461
1494	1463
1494	1465
1493	1468
1494	1470
1494	1473
1496	1475
1496	1477
1495	1480
1495	1482
1493	1485
1492	1487
1492	1489
1494	1492
1495	1495
1494	1498
1494	1500
1494	1502
1495	1505
1496	1507
1496	1510
1495	1512
1493	1514
1494	1517
1495	1519
1494	1522
1492	1524
1491	1526
1491	1529
1492	1531
1492	1534
1492	1537
1492	1539
1493	1542
1492	1544
1492	1547
1492	1549
1493	1552
1492	1554
1492	1556
1493	1559
1493	1561
1492	1564
1490	1566
1490	1568
1489	1571
1490	1573
1491	1576
1491	1579
1491	1581
1490	1584
1490	1586
1490	1589
1491	1591
1491	1593
1491	1596
1492	1598
1492	1601
1492	1603
1490	1605
1489	1608
1488	1610
1488	1613
1489	1615
1491	1617
1492	1620
1494	1623
1493	1626
1493	1628
1492	1630
1491	1633
1491	1635
1491	1638
1491	1640
1491	1643
1491	1645
1491	1647
1491	1650
1491	1652
1492	1655
1492	1657
1493	1659
1492	1662
1490	1665
1490	1668
1491	1670
1492	1672
1492	1675
1493	1677
1493	1680
1492	1682
1492	1684
1493	1687
1493	1689
1493	1692
1493	1694
1492	1696
1492	1699
1492	1701
1492	1704
1491	1707
1491	1709
1491	1712
1490	1714
1490	1717
1490	1719
1490	1721
1490	1724
1491	1726
1490	1729
1489	1731
1490	1733
1491	1736
1492	1738
1491	1741
1492	1743
1492	1746
1493	1748
1494	1751
1495	1754
1494	1756
1494	1759
1493	1761
1493	1763
1493	1766
1493	1768
1492	1771
1492	1773
1492	1775
1493	1778
1493	1780
1491	1783
1491	1785
1493	1787
1494	1790
1493	1793
1493	1796
1492	1798
1492	1800
1492	1803
1492	1805
1492	1808
1491	1810
1491	1812
1492	1815
1494	1817
1494	1820
1492	1822
1493	1824
1494	1827
1494	1829
1495	1832
1495	1835
1495	1838
1495	1840
1495	1842
1493	1845
1493	1847
1493	1850
1493	1852
1493	1854
1493	1857
1494	1859
1493	1862
1492	1864
1492	1866
1492	1869
1491	1871
1492	1874
1493	1876
1493	1879
1493	1882
1493	1884
1493	1887
1492	1889
1491	1891
1492	1894
1493	1896
1492	1899
1492	1901
1492	1903
1492	1906
1492	1908
1492	1911
1493	1913
1493	1915
1493	1918
1493	1921
1493	1924
1492	1926
1493	1929
1493	1931
1492	1933
1492	1936
1492	1938
1493	1941
1493	1943
1493	1945
1494	1948
1492	1950
1490	1953
1490	1955
1491	1957
1491	1960
1491	1963
1491	1966
1493	1968
1493	1970
1491	1973
1489	1975
1491	1978
1493	1980
1495	1982
1495	1985
1493	1987
1493	1990
1493	1992
1492	1994
1492	1997
1492	1999
1492	2002
1493	2004
1493	2007
1494	2010
1494	2012
1495	2015
1496	2017
1496	2019
1494	2022
1491	2024
1491	2027
1493	2029
1495	2032
1494	2034
1495	2036
1495	2039
1494	2041
1493	2044
1493	2046
1493	2049
1492	2052
1491	2054
1491	2057
1492	2059
1492	2061
1492	2064
1491	2066
1491	2069
1491	2071
1493	2073
1493	2076
1494	2078
1493	2081
1492	2083
1493	2085
1493	2088
1494	2091
1494	2094
1492	2096
1492	2098
1492	2101
1492	2103
1493	2106
1492	2108
1491	2110
1491	2113
1493	2115
1494	2118
1494	2120
1493	2123
1493	2125
1494	2127
1494	2130
1495	2132
1495	2136
1496	2138
1496	2140
1495	2143
1494	2145
1495	2148
1495	2150
1495	2152
1495	2155
1495	2157
1496	2160
1496	2162
1496	2164
1495	2167
1495	2169
1495	2172
1495	2174
1496	2177
1496	2180
1495	2182
1495	2185
1496	2187
1496	2189
1495	2192
1495	2194
1497	2197
1497	2199
1495	2202
1493	2204
1492	2206
1493	2209
1492	2211
1494	2214
1494	2216
1490	2219
1488	2222
1489	2224
1491	2227
1492	2229
1492	2231
1493	2234
1494	2236
1497	2239
1498	2241
1494	2243
1487	2246
1484	2248
1487	2251
1489	2253
1491	2255
1492	2258
1491	2260
1488	2264
1489	2266
1490	2268
1493	2271
1495	2273
1493	2276
1492	2278
1492	2280
1492	2283
1492	2285
1491	2288
1490	2290
1490	2293
1491	2295
1491	2297
1490	2300
1491	2302
1493	2306
1494	2308
1492	2310
1491	2313
1492	2315
1495	2318
1498	2320
1497	2322
1495	2325
1494	2327
1495	2330
1495	2332
1494	2334
1491	2337
1491	2339
1491	2342
1492	2344
1493	2347
1493	2350
1494	2352
1493	2355
1492	2357
1492	2360
1492	2362
1494	2364
1494	2367
1493	2369
1491	2372
1492	2374
1494	2376
1492	2379
1491	2381
1491	2384
1492	2386
1492	2388
1491	2392
1491	2394
1490	2397
1490	2399
1489	2401
1489	2404
1491	2406
1490	2409
1489	2411
1489	2413
1491	2416
1492	2418
1491	2421
1490	2423
1489	2425
1489	2428
1489	2430
1489	2434
1489	2436
1490	2439
1491	2441
1489	2443
1489	2446
1490	2448
1489	2451
1488	2453
1490	2455
1490	2458
1490	2460
1488	2463
1486	2465
1485	2467
1484	2470
1484	2472
1484	2476
1486	2478
1489	2480
1490	2483
1488	2485
1487	2488
1489	2490
1490	2492
1492	2495
1494	2497
1491	2500
1490	2502
1490	2504
1493	2507
1496	2509
1498	2512
1497	2514
1497	2518
1495	2520
1490	2522
1494	2525
1497	2527
1501	2530
1504	2532
1501	2534
1493	2537
1493	2539
1494	2542
1498	2544
1505	2546
1505	2549
1501	2551
1499	2554
1494	2556
1489	2558
1493	2562
1494	2564
1492	2567
1488	2569
1484	2571
1488	2574
1495	2576
1501	2579
1502	2581
1504	2583
1504	2586
1499	2588
1503	2591
1506	2593
1500	2595
1497	2598
1493	2600
1492	2604
1494	2606
1505	2609
1534	2611
1538	2613
1520	2616
1511	2618
1506	2621
1493	2623
1488	2625
1491	2628
1498	2630
1503	2633
1493	2635
1486	2637
1499	2640
1512	2642
1512	2646
1513	2648
1505	2650
1499	2653
1501	2655
1503	2658
1491	2660
1482	2662
1487	2665
1495	2667
1486	2670
1480	2672
1481	2674
1487	2677
1499	2679
1507	2682
1498	2684
1495	2686
1504	2690
1503	2692
1498	2695
1499	2697
1494	2700
1485	2702
1484	2704
1480	2707
1469	2709
1478	2712
1482	2714
1483	2716
1486	2719
1483	2721
1480	2724
1485	2726
1489	2728
1493	2732
1505	2734
1511	2737
1499	2739
1492	2741
1484	2744
1482	2746
1486	2749
1484	2751
1476	2753
1473	2756
1490	2758
1495	2761
1480	2763
1478	2765
1475	2768
1475	2770
1484	2774
1493	2776
1484	2778
1482	2781
1484	2783
1477	2786
1475	2788
1483	2791
1485	2793
1491	2795
1495	2798
1494	2800
1501	2803
1500	2805
1490	2807
1482	2810
1478	2812
1482	2816
1482	2818
1477	2820
1482	2823
1493	2825
1492	2828
1479	2830
1479	2832
1483	2835
1486	2837
1501	2840
1511	2842
1506	2844
1503	2847
1490	2849
1474	2852
1473	2854
1480	2856
1476	2860
1469	2862
1476	2865
1483	2867
1491	2869
1493	2872
1501	2874
1498	2877
1492	2879
1492	2882
1482	2884
1469	2886
1483	2889
1500	2891
1505	2894
1519	2896
1511	2898
1499	2902
1498	2904
1505	2907
1513	2909
1506	2911
1496	2914
1483	2916
1474	2919
1479	2921
1477	2923
1474	2926
1477	2928
1482	2931
1487	2933
1495	2935
1494	2938
1488	2940
1497	2944
1504	2946
1499	2948
1495	2951
1499	2953
1500	2956
1492	2958
1491	2961
1489	2963
1486	2965
1481	2968
1480	2970
1481	2973
1490	2975
1494	2977
1490	2980
1488	2982
1489	2985
1493	2988
1494	2990
1495	2993
1505	2995
1515	2998
1500	3000
1489	3002
1486	3005
1492	3007
1508	3010
1510	3012
1507	3014
1510	3017
1504	3019
1495	3022
1493	3024
1494	3027
1493	3030
1500	3032
1510	3035
1503	3037
1497	3040
1495	3042
1496	3044
1498	3047
1502	3049
1511	3052
1514	3054
1501	3056
1495	3059
1496	3061
1495	3064
1497	3066
1509	3068
1532	3072
1533	3074
1527	3077
1518	3079
1509	3081
1501	3084
1503	3086
1507	3089
1501	3091
1501	3093
1503	3096
1495	3098
1491	3101
1491	3103
1490	3106
1496	3108
1502	3110
1501	3113
1500	3116
1512	3119
1515	3121
1509	3123
1507	3126
1500	3128
1496	3131
1499	3133
1507	3135
1517	3138
1518	3140
1513	3143
1505	3145
1509	3147
1516	3150
1510	3152
1501	3155
1498	3158
1497	3161
1502	3163
1504	3165
1487	3168
1483	3170
1493	3173
1504	3175
1525	3177
1528	3180
1508	3182
1495	3185
1497	3187
1510	3189
1510	3192
1504	3194
1503	3197
1504	3200
1505	3202
1503	3205
1503	3207
1497	3210
1495	3212
1495	3214
1494	3217
1486	3219
1479	3222
1483	3224
1486	3226
1486	3229
1481	3231
1473	3234
1483	3236
1502	3238
1501	3241
1488	3244
1487	3247
1495	3249
1511	3252
1514	3254
1508	3256
1495	3259
1495	3261
1500	3264
1500	3266
1491	3268
1483	3271
1484	3273
1491	3276
1491	3278
1487	3280
1488	3283
1486	3286
1489	3289
1495	3291
1505	3293
1504	3296
1491	3298
1482	3301
1485	3303
1493	3305
1495	3308
1491	3310
1491	3313
1488	3315
1489	3317
1491	3320
1505	3322
1522	3325
1509	3328
1495	3330
1493	3333
1486	3335
1481	3338
1485	3340
1493	3343
1495	3345
1497	3347
1496	3350
1495	3352
1498	3355
1497	3357
1495	3359
1492	3362
1489	3364
1483	3367
1483	3369
1496	3372
1511	3375
1501	3377
1489	3380
1481	3382
1476	3384
1484	3387
1490	3389
1487	3392
1483	3394
1479	3396
1488	3399
1492	3401
1491	3404
1495	3406
1499	3408
1502	3411
1509	3414
1508	3417
1503	3419
1505	3421
1503	3424
1492	3426
1484	3429
1483	3431
1484	3434
1489	3436
1496	3438
1498	3441
1494	3443
1500	3446
1502	3448
1500	3450
1489	3453
1476	3456
1478	3459
1482	3461
1489	3463
1493	3466
1490	3468
1489	3471
1491	3473
1490	3475
1488	3478
1489	3480
1496	3483
1497	3485
1487	3487
1482	3490
1479	3492
1479	3495
1486	3497
1486	3500
1490	3503
1497	3505
1494	3508
1492	3510
1502	3513
1505	3515
1492	3517
1487	3520
1489	3522
1494	3525
1493	3527
1492	3529
1494	3532
1495	3534
1492	3537
1487	3539
1481	3542
1486	3545
1491	3547
1491	3550
1488	3552
1484	3554
1485	3557
1496	3559
1495	3562
1495	3564
1499	3566
1495	3569
1487	3571
1490	3574
1495	3576
1497	3578
1488	3581
1483	3584
1486	3587
1489	3589
1485	3591
1483	3594
1489	3596
1501	3599
1504	3601
1497	3604
1484	3606
1480	3608
1483	3611
1493	3613
1494	3616
1494	3618
1499	3620
1494	3623
1495	3625
1500	3629
1501	3631
1494	3633
1489	3636
1489	3638
1492	3641
1495	3643
1503	3645
1509	3648
1513	3650
1508	3653
1503	3655
1496	3657
1499	3660
1500	3662
1494	3665
1494	3667
1508	3670
1508	3673
1507	3675
1504	3678
1496	3680
1494	3683
1498	3685
1492	3687
1495	3690
1501	3692
1494	3695
1492	3697
1494	3699
1498	3702
1501	3704
1494	3707
1491	3709
1494	3712
1505	3715
1522	3717
1513	3720
1496	3722
1493	3724
1498	3727
1501	3729
1492	3732
1486	3734
1492	3736
1501	3739
1505	3741
1502	3744
1498	3746
1505	3748
1504	3751
1496	3753
1492	3757
1492	3759
1492	3762
1492	3764
1494	3766
1491	3769
1491	3771
1505	3774
1507	3776
1496	3778
1495	3781
1493	3783
1488	3786
1491	3788
1500	3790
1496	3793
1490	3795
1498	3799
1507	3801
1506	3803
1503	3806
1498	3808
1491	3811
1484	3813
1482	3815
1487	3818
1495	3820
1501	3823
1497	3825
1497	3827
1491	3830
1486	3832
1489	3835
1498	3837
1506	3841
1510	3843
1502	3845
1493	3848
1486	3850
1489	3853
1486	3855
1489	3857
1497	3860
1501	3862
1494	3865
1485	3867
1489	3869
1504	3872
1508	3874
1499	3877
1486	3879
1486	3881
1490	3885
1488	3887
1492	3890
1483	3892
1478	3894
1489	3897
1498	3899
1506	3902
1506	3904
1500	3906
1487	3909
1481	3911
1486	3914
1490	3916
1487	3919
1500	3921
1506	3923
1500	3927
1498	3929
1501	3932
1498	3934
1480	3936
1482	3939
1492	3941
1497	3944
1498	3946
1494	3948
1489	3951
1484	3953
1484	3956
1483	3958
1490	3960
1499	3963
1484	3965
1474	3969
1473	3971
1482	3973
1486	3976
1483	3978
1481	3981
1497	3983
1503	3985
1488	3988
1485	3990
1492	3993
1505	3995
1513	3998
1514	4000
1500	4002
1492	4005
1492	4007
1483	4011
1476	4013
1472	4015
1488	4018
1503	4020
1516	4023
1513	4025
1513	4027
1495	4030
1478	4032
1472	4035
1471	4037
1472	4039
1473	4042
1477	4044
1486	4047
1508	4049
1522	4051
1500	4055
1486	4057
1483	4060
1475	4062
1473	4064
1485	4067
1495	4069
1494	4072
1504	4074
1506	4076
1504	4079
1507	4081
1498	4084
1484	4086
1486	4089
1493	4091
1494	4093
1491	4097
1484	4099
1488	4102
1489	4104
1478	4106
1470	4109
1466	4111
1469	4114
1481	4116
1494	4118
1489	4121
1485	4123
1483	4126
1491	4128
1495	4130
1492	4133
1497	4135
1489	4139
1472	4141
1472	4143
1500	4146
1513	4148
1513	4151
1510	4153
1509	4155
1501	4158
1491	4160
1492	4163
1484	4165
1480	4167
1490	4170
1495	4172
1506	4175
1506	4177
1486	4180
1476	4183
1481	4185
1493	4188
1500	4190
1491	4193
1483	4195
1486	4197
1500	4200
1506	4202
1509	4205
1515	4207
1523	4209
1516	4212
1497	4214
1492	4217
1499	4219
1491	4221
1475	4225
1479	4227
1500	4230
1516	4232
1511	4234
1502	4237
1497	4239
1500	4242
1508	4244
1510	4246
1501	4249
1486	4251
1480	4254
1506	4256
1519	4259
1504	4261
1493	4263
1486	4267
1482	4269
1485	4272
1496	4274
1506	4276
1511	4279
1522	4281
1516	4284
1501	4286
1507	4288
1513	4291
1513	4293
1508	4296
1501	4298
1510	4300
1511	4303
1501	4305
1500	4308
1492	4311
1484	4313
1491	4316
1502	4318
1504	4321
1498	4323
1484	4326
1479	4328
1479	4330
1482	4333
1487	4335
1496	4338
1494	4340
1483	4342
1485	4345
1493	4347
1502	4350
1499	4353
1512	4355
1515	4358
1518	4360
1521	4363
1505	4365
1497	4367
1496	4370
1501	4372
1510	4375
1493	4377
1488	4379
1490	4382
1489	4384
1498	4387
1519	4389
1515	4391
1493	4395
1473	4397
1467	4400
1488	4402
1499	4405
1489	4407
1474	4409
1469	4412
1479	4414
1479	4417
1484	4419
1476	4421
1470	4424
1479	4426
1483	4429
1485	4431
1500	4433
1498	4436
1489	4439
1482	4442
1485	4444
1507	4446
1526	4449
1525	4451
1511	4454
1485	4456
1480	4458
1480	4461
1482	4463
1484	4466
1481	4468
1477	4470
1484	4473
1487	4475
1481	4478
1476	4481
1471	4484
1482	4486
1490	4488
1481	4491
1479	4493
1476	4496
1480	4498
1481	4500
1479	4503
1485	4505
1489	4508
1492	4510
1494	4512
1483	4515
1500	4517
1525	4520
1518	4523
1504	4525
1503	4528
1489	4530
1481	4533
1499	4535
1498	4537
1494	4540
1491	4542
1494	4545
1511	4547
1497	4549
1481	4552
1473	4554
1470	4557
1480	4559
1500	4561
1507	4564
1504	4567
1500	4570
1513	4572
1510	4575
1509	4577
1514	4579
1510	4582
1506	4584
1507	4587
1502	4589
1511	4591
1511	4594
1499	4596
1511	4599
1532	4601
1543	4603
1523	4606
1495	4609
1493	4612
1500	4614
1499	4616
1497	4619
1482	4621
1515	4624
1559	4626
1538	4628
1508	4631
1479	4633
1466	4636
1473	4638
1482	4641
1479	4643
1479	4645
1489	4648
1505	4651
1508	4654
1501	4656
1501	4658
1504	4661
1504	4663
1520	4666
1507	4668
1487	4670
1473	4673
1463	4675
1465	4678
1453	4680
1457	4682
1485	4685
1517	4687
1540	4690
1536	4692
1503	4695
1484	4698
1473	4700
1461	4703
1461	4705
1470	4707
1467	4710
1471	4712
1480	4715
1491	4717
1507	4720
1503	4722
1501	4724
1497	4727
1491	4729
1493	4732
1496	4734
1488	4737
1473	4740
1462	4742
1477	4745
1492	4747
1488	4749
1486	4752
1486	4754
1483	4757
1482	4759
1479	4761
1475	4764
1490	4766
1505	4769
1490	4771
1485	4773
1511	4776
1536	4779
1518	4782
1480	4784
1493	4787
1509	4789
1494	4791
1491	4794
1500	4796
1495	4799
1491	4801
1498	4803
1497	4806
1472	4808
1460	4811
1471	4813
1481	4815
1495	4818
1507	4820
1510	4824
1509	4826
1508	4828
1504	4831
1501	4833
1493	4836
1475	4838
1486	4840
1506	4843
1516	4845
1499	4848
1488	4850
1475	4852
1509	4855
1546	4857
1508	4860
1486	4862
1481	4865
1483	4868
1493	4870
1486	4873
1479	4875
1465	4878
1463	4880
1495	4882
1512	4885
1493	4887
1477	4890
1457	4892
1454	4894
1473	4897
1497	4899
1502	4902
1521	4904
1515	4907
1501	4910
1492	4912
1492	4915
1488	4917
1477	4919
1465	4922
1469	4924
1471	4927
1480	4929
1489	4931
1483	4934
1482	4936
1487	4939
1486	4941
1483	4943
1482	4946
1485	4948
1499	4952
1506	4954
1494	4957
1481	4959
1472	4961
1472	4964
1496	4966
1500	4969
1471	4971
1457	4973
1465	4976
1469	4978
1471	4981
1491	4983
1500	4985
1481	4988
1483	4990
1502	4994
1520	4996
1507	4998
1489	5001
1483	5003
1475	5006
1471	5008
1464	5010
1478	5013
1486	5015
1479	5018
1477	5020
1466	5023
1456	5025
1457	5027
1473	5030
1485	5032
1487	5036
1478	5038
1462	5040
1465	5043
1471	5045
1482	5048
1489	5050
1483	5052
1484	5055
1494	5057
1497	5060
1494	5062
1495	5064
1488	5067
1472	5069
1473	5072
1479	5074
1492	5076
1485	5080
1470	5082
1478	5085
1473	5087
1459	5090
1460	5092
1467	5094
1470	5097
1488	5099
1492	5102
1475	5104
1474	5106
1478	5109
1481	5111
1498	5114
1520	5116
1510	5118
1482	5122
1465	5124
1461	5127
1468	5129
1475	5131
1491	5134
1479	5136
1471	5139
1473	5141
1481	5143
1489	5146
1489	5148
1483	5151
1482	5153
1489	5155
1498	5158
1495	5160
1492	5164
1485	5166
1477	5169
1481	5171
1484	5173
1485	5176
1486	5178
1488	5181
1505	5183
1505	5185
1484	5188
1467	5190
1455	5193
1459	5195
1473	5197
1492	5200
1519	5202
1512	5206
1477	5208
1464	5210
1469	5213
1477	5215
1488	5218
1506	5220
1514	5222
1498	5225
1486	5227
1478	5230
1484	5232
1503	5234
1509	5237
1493	5239
1485	5242
1482	5244
1480	5246
1489	5250
1491	5252
1476	5255
1468	5257
1472	5260
1481	5262
1486	5264
1489	5267
1501	5269
1506	5272
1490	5274
1497	5276
1507	5279
1493	5281
1474	5284
1475	5286
1503	5288
1521	5292
1501	5294
1493	5297
1496	5299
1495	5301
1492	5304
1501	5306
1497	5309
1486	5311
1477	5313
1469	5316
1466	5318
1477	5321
1491	5323
1499	5325
1490	5328
1490	5330
1493	5334
1489	5336
1488	5338
1484	5341
1481	5343
1484	5346
1488	5348
1495	5351
1496	5353
1497	5355
1495	5358
1485	5360
1480	5363
1486	5365
1495	5367
1494	5370
1491	5372
1501	5376
1507	5378
1502	5380
1497	5383
1506	5385
1517	5388
1525	5390
1523	5392
1496	5395
1491	5397
1496	5400
1519	5402
1527	5404
1524	5407
1533	5409
1530	5412
1514	5414
1507	5417
1524	5420
1527	5422
1507	5425
1514	5427
1524	5430
1517	5432
1502	5434
1488	5437
1481	5439
1485	5442
1494	5444
1512	5446
1523	5449
1523	5451
1522	5454
1509	5456
1499	5458
1492	5462
1482	5464
1482	5467
1489	5469
1500	5471
1508	5474
1511	5476
1496	5479
1468	5481
1467	5483
1475	5486
1465	5488
1468	5491
1487	5493
1499	5495
1504	5498
1497	5500
1496	5504
1491	5506
1485	5509
1473	5511
1474	5513
1480	5516
1491	5518
1511	5521
1505	5523
1488	5525
1487	5528
1480	5530
1468	5533
1463	5535
1467	5537
1474	5540
1477	5542
1489	5545
1502	5548
1492	5550
1484	5553
1485	5555
1496	5558
1491	5560
1477	5562
1475	5565
1473	5567
1474	5570
1476	5572
1479	5575
1492	5577
1505	5579
1505	5582
1477	5584
1454	5587
1465	5590
1481	5592
1487	5595
1494	5597
1502	5600
1493	5602
1478	5604
1483	5607
1488	5609
1491	5612
1493	5614
1488	5616
1486	5619
1476	5621
1466	5624
1473	5626
1495	5628
1504	5632
1496	5634
1489	5637
1475	5639
1469	5641
1464	5644
1471	5646
1492	5649
1500	5651
1494	5653
1485	5656
1491	5658
1501	5661
1502	5663
1500	5666
1489	5668
1479	5670
1472	5673
1476	5676
1490	5679
1494	5681
1488	5683
1484	5686
1483	5688
1483	5691
1486	5693
1500	5695
1502	5698
1483	5700
1485	5703
1489	5705
1492	5707
1484	5710
1476	5712
1471	5715
1467	5718
1470	5720
1478	5723
1472	5725
1471	5728
1481	5730
1478	5732
1483	5735
1497	5737
1482	5740
1469	5742
1471	5745
1481	5747
1494	5749
1486	5752
1486	5754
1496	5757
1498	5760
1508	5762
1521	5765
1502	5767
1481	5770
1471	5772
1470	5774
1476	5777
1478	5779
1478	5782
1480	5784
1483	5786
1489	5789
1495	5791
1495	5794
1486	5796
1485	5798
1476	5801
1483	5804
1495	5807
1482	5809
1472	5811
1486	5814
1506	5816
1491	5819
1503	5821
1520	5824
1502	5826
1495	5828
1495	5831
1491	5833
1489	5836
1482	5838
1497	5840
1505	5843
1488	5846
1482	5849
1491	5851
1495	5853
1486	5856
1483	5858
1484	5861
1480	5863
1474	5865
1472	5868
1480	5870
1495	5873
1496	5875
1489	5877
1487	5880
1482	5882
1479	5885
1486	5888
1511	5890
1506	5893
1501	5895
1489	5898
1470	5900
1477	5903
1497	5905
1504	5907
1491	5910
1486	5912
1489	5915
1492	5917
1489	5919
1494	5922
1498	5924
1463	5927
1443	5929
1457	5932
1488	5935
1508	5937
1496	5940
1484	5942
1486	5944
1492	5947
1482	5949
1474	5952
1488	5954
1487	5956
1486	5959
1486	5961
1492	5964
1487	5966
1489	5968
1499	5971
1484	5974
1470	5977
1472	5979
1475	5982
1485	5984
1501	5986
1510	5989
1502	5991
1497	5994
1504	5996
1515	5998
1510	6001
1496	6003
1489	6006
1486	6008
1481	6010
1478	6013
1458	6016
1453	6019
1471	6021
1488	6023
1485	6026
1482	6028
1491	6031
1496	6033
1499	6035
1486	6038
1484	6040
1509	6043
1512	6045
1520	6048
1525	6050
1506	6052
1498	6055
1492	6057
1493	6061
1506	6063
1499	6065
1479	6068
1468	6070
1479	6073
1493	6075
1493	6077
1491	6080
1482	6082
1475	6085
1480	6087
1492	6089
1494	6092
1485	6094
1472	6097
1471	6099
1478	6102
1493	6105
1502	6107
1500	6110
1501	6112
1505	6114
1505	6117
1506	6119
1510	6122
1507	6124
1497	6127
1490	6129
1478	6131
1470	6134
1474	6136
1482	6139
1485	6141
1493	6144
1501	6147
1505	6149
1489	6152
1484	6154
1485	6156
1485	6159
1480	6161
1473	6164
1486	6166
1497	6168
1494	6171
1500	6173
1504	6176
1501	6178
1499	6180
1496	6183
1490	6185
1492	6189
1500	6191
1504	6194
1491	6196
1476	6198
1475	6201
1470	6203
1471	6206
1480	6208
1496	6210
1492	6213
1487	6215
1485	6218
1482	6220
1473	6222
1476	6225
1495	6227
1498	6231
1478	6233
1468	6235
1484	6238
1504	6240
1516	6243
1506	6245
1504	6247
1502	6250
1488	6252
1477	6255
1469	6257
1476	6260
1486	6262
1493	6264
1501	6267
1496	6269
1484	6273
1479	6275
1482	6277
1482	6280
1478	6282
1480	6285
1485	6287
1503	6289
1505	6292
1491	6294
1483	6297
1485	6299
1499	6301
1502	6304
1492	6306
1491	6309
1492	6311
1489	6313
1491	6317
1490	6319
1489	6322
1488	6324
1487	6327
1489	6329
1489	6331
1491	6334
1494	6336
1493	6339
1492	6341
1486	6343
1473	6346
1467	6348
1469	6351
1475	6353
1484	6355
1489	6359
1493	6361
1495	6364
1494	6366
1494	6368
1485	6371
1481	6373
1485	6376
1498	6378
1495	6380
1489	6383
1488	6385
1478	6388
1469	6390
1462	6393
1455	6395
1463	6397
1472	6401
1472	6403
1467	6406
1460	6408
1455	6410
1460	6413
1474	6415
1486	6418
1484	6420
1475	6422
1474	6425
1472	6427
1480	6430
1484	6432
1494	6434
1499	6437
1503	6439
1501	6443
1492	6445
1491	6447
1490	6450
1491	6452
1496	6455
1488	6457
1498	6459
1509	6462
1503	6464
1498	6467
1492	6469
1478	6471
1473	6474
1485	6476
1493	6479
1477	6481
1461	6483
1465	6487
1481	6489
1494	6492
1501	6494
1503	6497
1503	6499
1511	6501
1510	6504
1492	6506
1489	6509
1506	6511
1502	6513
1491	6516
1499	6518
1526	6521
1528	6523
1513	6525
1506	6529
1494	6531
1485	6534
1489	6536
1500	6538
1506	6541
1498	6543
1494	6546
1508	6548
1509	6550
1504	6553
1518	6555
1517	6558
1497	6560
1491	6562
1499	6565
1496	6567
1482	6571
1485	6573
1516	6576
1531	6578
1523	6580
1520	6583
1517	6585
1513	6588
1508	6590
1502	6592
1500	6595
1504	6597
1490	6600
1482	6602
1493	6604
1511	6607
1523	6609
1531	6612
1527	6615
1521	6617
1501	6620
1499	6622
1505	6625
1494	6627
1496	6629
1510	6632
1506	6634
1493	6637
1499	6639
1510	6641
1513	6644
1521	6646
1516	6649
1496	6651
1488	6653
1496	6657
1493	6659
1484	6662
1493	6664
1512	6667
1516	6669
1500	6671
1497	6674
1505	6676
1509	6679
1509	6681
1495	6683
1471	6686
1481	6688
1512	6691
1499	6693
1475	6695
1480	6699
1499	6701
1503	6704
1498	6706
1481	6708
1473	6711
1480	6713
1496	6716
1503	6718
1506	6720
1507	6723
1489	6725
1480	6728
1474	6730
1481	6733
1495	6735
1493	6737
1486	6740
1492	6743
1499	6746
1500	6748
1490	6750
1499	6753
1510	6755
1501	6758
1493	6760
1495	6762
1494	6765
1482	6767
1482	6770
1497	6772
1503	6774
1493	6777
1481	6779
1479	6782
1490	6785
1491	6787
1481	6790
1472	6792
1475	6795
1487	6797
1488	6799
1469	6802
1463	6804
1474	6807
1492	6809
1497	6812
1493	6814
1493	6816
1496	6819
1488	6821
1475	6824
1467	6827
1475	6829
1495	6832
1506	6834
1490	6837
1457	6839
1465	6841
1480	6844
1483	6846
1486	6849
1492	6851
1488	6853
1484	6856
1483	6858
1488	6861
1491	6863
1482	6865
1476	6868
1480	6871
1490	6874
1480	6876
1466	6878
1462	6881
1473	6883
1481	6886
1479	6888
1473	6891
1475	6893
1496	6895
1500	6898
1488	6900
1486	6903
1467	6905
1457	6907
1468	6910
1490	6913
1493	6916
1479	6918
1469	6920
1453	6923
1443	6925
1447	6928
1459	6930
1475	6932
1479	6935
1478	6937
1471	6940
1465	6942
1470	6944
1484	6947
1490	6949
1493	6952
1492	6955
1479	6957
1472	6960
1462	6962
1463	6965
1485	6967
1500	6970
1494	6972
1492	6974
1498	6977
1504	6979
1510	6982
1507	6984
1483	6986
1469	6989
1480	6991
1490	6994
1497	6996
1511	6999
1520	7002
1523	7004
1514	7007
1486	7009
1481	7011
1488	7014
1502	7016
1515	7019
1506	7021
1494	7023
1496	7026
1492	7028
1495	7031
1496	7033
1489	7036
1487	7038
1485	7041
1499	7044
1508	7046
1486	7049
1474	7051
1488	7053
1495	7056
1493	7058
1479	7061
1476	7063
1489	7065
1495	7068
1491	7070
1497	7073
1490	7075
1480	7077
1485	7080
1487	7083
1484	7086
1490	7088
1486	7090
1498	7093
1501	7095
1490	7098
1492	7100
1493	7102
1493	7105
1496	7107
1502	7110
1491	7112
1480	7115
1485	7117
1495	7119
1499	7122
1489	7124
1484	7128
1472	7130
1472	7132
1487	7135
1495	7137
1478	7140
1469	7142
1478	7144
1491	7147
1489	7149
1488	7152
1486	7154
1495	7156
1509	7159
1502	7161
1491	7164
1486	7166
1488	7169
1478	7172
1469	7174
1479	7177
1477	7179
1468	7182
1468	7184
1490	7186
1496	7189
1485	7191
1486	7194
1490	7196
1501	7198
1496	7201
1482	7203
1475	7206
1483	7208
1486	7211
1490	7214
1486	7216
1477	7219
1476	7221
1482	7223
1491	7226
1498	7228
1489	7231
1475	7233
1469	7235
1471	7238
1474	7240
1470	7243
1480	7245
1499	7247
1505	7250
1490	7252
1494	7256
1495	7258
1482	7261
1472	7263
1479	7265
1496	7268
1499	7270
1483	7273
1473	7275
1486	7277
1482	7280
1476	7282
1481	7285
1489	7287
1499	7289
1500	7292
1494	7294
1487	7298
1488	7300
1486	7302
1473	7305
1467	7307
1467	7310
1474	7312
1477	7314
1483	7317
1486	7319
1486	7322
1491	7324
1501	7327
1498	7329
1490	7331
1495	7334
1483	7336
1477	7340
1483	7342
1491	7344
1484	7347
1472	7349
1469	7352
1472	7354
1489	7356
1500	7359
1483	7361
1474	7364
1477	7366
1480	7368
1480	7371
1488	7373
1483	7376
1473	7378
1467	7380
1470	7384
1478	7386
1472	7389
1465	7391
1465	7393
1473	7396
1481	7398
1483	7401
1485	7403
1491	7406
1489	7408
1487	7410
1491	7413
1502	7415
1501	7418
1491	7420
1478	7422
1459	7426
1456	7428
1471	7431
1485	7433
1494	7435
1488	7438
1480	7440
1482	7443
1500	7445
1513	7447
1514	7450
1502	7452
1496	7455
1492	7457
1490	7459
1482	7462
1482	7464
1492	7468
1490	7470
1482	7473
1477	7475
1473	7477
1469	7480
1476	7482
1480	7485
1491	7487
1495	7489
1493	7492
1494	7494
1490	7497
1485	7499
1486	7501
1489	7504
1496	7506
1497	7510
1491	7512
1491	7514
1492	7517
1502	7519
1507	7522
1490	7524
1481	7526
1486	7529
1489	7531
1482	7534
1475	7536
1479	7539
1484	7541
1486	7543
1488	7546
1486	7548
1493	7552
1520	7554
1514	7556
1492	7559
1490	7561
1486	7564
1483	7566
1485	7568
1485	7571
1490	7573
1492	7576
1480	7578
1476	7580
1482	7583
1488	7585
1493	7588
1494	7590
1488	7592
1489	7596
1489	7598
1486	7601
1492	7603
1501	7606
1503	7608
1499	7610
1496	7613
1499	7615
1498	7618
1494	7620
1490	7622
1492	7625
1496	7627
1489	7630
1481	7632
1477	7634
1477	7638
1478	7640
1481	7643
1487	7645
1493	7647
1496	7650
1493	7652
1495	7655
1494	7657
1490	7659
1491	7662
1493	7664
1492	7667
1490	7669
1489	7672
1491	7674
1492	7676
1493	7680
1490	7682
1485	7685
1485	7687
1489	7689
1491	7692
1491	7694
1492	7697
1491	7699
1489	7701
1487	7704
1489	7706
1489	7709
1489	7711
1490	7713
1489	7716
1489	7718
1490	7721
1491	7724
1492	7726
1490	7729
1488	7731
1487	7734
1486	7736
1486	7738
1487	7741
1489	7743
1488	7746
1486	7748
1487	7751
1492	7753
1491	7755
1488	7758
1486	7760
1488	7763
1490	7766
1490	7768
1491	7771
1491	7773
1491	7776
1492	7778
1492	7780
1492	7783
1492	7785
1492	7788
1493	7790
1494	7792
1495	7795
1494	7797
1493	7800
1492	7802
1491	7804
1492	7808
1492	7810
1491	7813
1489	7815
1492	7817
1493	7820
1495	7822
1499	7825
1500	7827
1498	7830
1496	7832
1498	7834
1499	7837
1498	7839
1497	7842
1497	7844
1497	7846
1497	7849
1497	7852
1498	7855
1497	7857
1496	7859
1496	7862
1496	7864
1496	7867
1495	7869
1493	7871
1493	7874
1493	7876
1494	7879
1495	7881
1498	7883
1501	7886
1505	7888
1504	7891
1500	7894
1500	7897
1501	7899
1501	7901
1501	7904
1501	7906
1501	7909
1500	7911
1500	7913
1501	7916
1502	7918
1503	7921
1502	7923
1499	7925
1499	7928
1501	7930
1503	7933
1503	7936
1502	7938
1502	7941
1501	7943
1501	7946
1500	7948
1500	7950
1501	7953
1502	7955
1503	7958
1503	7960
1502	7963
1503	7965
1503	7967
1502	7970
1501	7972
1501	7975
1503	7977
1502	7980
1502	7983
1501	7985
1499	7988
1498	7990
1498	7992
1498	7995
1498	7997
1498	8000
1497	8002
1496	8004
1495	8007
1495	8009
1494	8012
1494	8014
1495	8016
1494	8019
1494	8022
1493	8025
1493	8027
1494	8029
1493	8032
1493	8034
1492	8037
1491	8039
1491	8042
1492	8044
1494	8046
1496	8049
1497	8051
1496	8054
1494	8056
1493	8058
1492	8061
1493	8064
1493	8067
1492	8069
1492	8071
1492	8074
1491	8076
1491	8079
1491	8081
1491	8083
1491	8086
1492	8088
1491	8091
1489	8093
1489	8095
1491	8098
1491	8100
1491	8103
1492	8105
1493	8108
1492	8111
1490	8113
1489	8116
1492	8118
1496	8120
1495	8123
1490	8125
1485	8128
1486	8130
1488	8133
1490	8135
1489	8137
1489	8140
1490	8142
1491	8145
1489	8147
1487	8150
1487	8153
1488	8155
1488	8158
1489	8160
1489	8162
1489	8165
1489	8167
1489	8170
1489	8172
1490	8174
1488	8177
1487	8179
1487	8182
1488	8184
1488	8186
1486	8189
1486	8192
1487	8195
1487	8197
1487	8199
1487	8202
1488	8204
1488	8207
1488	8209
1488	8211
1487	8214
1486	8216
1486	8219
1487	8221
1487	8224
1487	8226
1487	8228
1487	8231
1488	8233
1489	8237
1489	8239
1489	8241
1489	8244
1490	8246
1491	8249
1489	8251
1488	8253
1488	8256
1488	8258
1488	8261
1488	8263
1488	8265
1489	8268
1489	8270
1489	8273
1489	8275
1488	8278
1490	8281
1491	8283
1489	8286
1487	8288
1487	8290
1488	8293
1488	8295
1489	8298
1489	8300
1489	8303
1488	8305
1487	8307
1487	8310
1487	8312
1487	8315
1488	8317
1488	8320
1489	8323
1490	8325
1490	8328
1488	8330
1487	8332
1487	8335
1489	8337
1490	8340
1490	8342
1489	8344
1491	8347
1492	8349
1491	8352
1489	8354
1488	8356
1488	8359
1488	8361
1488	8365
1488	8367
1490	8369
1491	8372
1491	8374
1491	8377
1490	8379
1489	8382
1489	8384
1490	8386
1489	8389
1489	8391
1489	8394
1491	8396
1492	8398
1492	8401
1488	8403
1487	8407
1488	8409
1488	8411
1488	8414
1488	8416
1489	8419
1489	8421
1489	8423
1489	8426
1489	8428
1490	8431
1490	8433
1490	8435
1489	8438
1487	8440
1486	8443
1485	8445
1485	8448
1484	8451
1484	8453
1485	8456
1485	8458
1486	8460
1487	8463
1487	8465
1487	8468
1488	8470
1488	8473
1487	8475
1487	8477
1485	8480
1485	8482
1486	8485
1486	8487
1487	8489
1486	8493
1485	8495
1486	8498
1488	8500
1488	8502
1488	8505
1490	8507
1491	8510
1490	8512
1488	8514
1487	8517
1486	8519
1486	8522
1486	8524
1486	8526
1486	8529
1487	8531
1487	8535
1487	8537
1487	8539
1487	8542
1487	8544
1486	8547
1487	8549
1488	8552
1487	8554
1486	8556
1486	8559
1486	8561
1487	8564
1489	8566
1489	8568
1489	8571
1490	8573
1490	8577
1489	8579
1490	8581
1490	8584
1490	8586
1490	8589
1490	8591
1490	8593
1490	8596
1490	8598
1489	8601
1487	8603
1488	8605
1487	8608
1487	8610
1487	8613
1488	8615
1488	8617
1488	8621
1488	8623
1488	8626
1488	8628
1488	8631
1490	8633
1492	8635
1491	8638
1488	8640
1487	8643
1488	8645
1488	8647
1489	8650
1490	8652
1492	8655
1493	8657
1492	8659
1491	8663
1492	8665
1491	8668
1491	8670
1491	8672
1493	8675
1494	8677
1495	8680
1493	8682
1491	8684
1491	8687
1490	8689
1491	8692
1492	8694
1493	8696
1491	8699
1490	8701
1491	8705
1491	8707
1491	8710
1491	8712
1491	8714
1493	8717
1493	8719
1491	8722
1490	8724
1491	8726
1490	8729
1490	8731
1491	8734
1491	8736
1491	8738
1492	8741
1491	8743
1491	8747
1490	8749
1490	8751
1490	8754
1490	8756
1491	8759
1492	8761
1493	8763
1493	8766
1492	8768
1489	8771
1488	8773
1489	8776
1490	8778
1491	8780
1492	8783
1492	8785
1491	8788
1491	8791
1491	8793
1493	8796
1498	8798
1499	8801
1494	8803
1489	8805
1489	8808
1490	8810
1491	8813
1492	8815
1492	8817
1492	8820
1492	8822
1491	8825
1492	8827
1493	8829
1493	8833
1493	8835
1493	8838
1493	8840
1492	8843
1492	8845
1492	8847
1492	8850
1492	8852
1492	8855
1492	8857
1491	8859
1491	8862
1494	8864
1495	8867
1493	8869
1491	8871
1491	8875
1493	8877
1494	8880
1493	8882
1493	8884
1493	8887
1493	8889
1493	8892
1493	8894
1493	8896
1493	8899
1492	8901
1493	8904
1493	8906
1493	8909
1492	8911
1491	8913
1490	8916
1490	8919
1491	8922
1492	8924
1493	8926
1493	8929
1493	8931
1494	8934
1494	8936
1494	8938
1494	8941
1494	8943
1494	8946
1494	8948
1493	8950
1492	8953
1491	8955
1492	8958
1493	8961
1494	8963
1494	8966
1494	8968
1494	8971
1494	8973
1494	8976
1494	8978
1494	8980
1495	8983
1494	8985
1494	8988
1494	8990
1494	8992
1493	8995
1493	8997
1493	9000
1494	9003
1494	9005
1494	9008
1492	9010
1492	9013
1493	9015
1494	9017
1495	9020
1495	9022
1495	9025
1495	9027
1496	9029
1496	9032
1496	9034
1496	9037
1497	9039
1498	9041
1498	9044
1497	9047
1494	9050
1493	9052
1494	9055
1494	9057
1494	9059
1493	9062
1493	9064
1493	9067
1493	9069
1494	9071
1494	9074
1493	9076
1492	9079
1492	9081
1493	9083
1494	9086
1494	9089
1493	9092
1494	9094
1495	9096
1496	9099
1497	9101
1499	9104
1498	9106
1496	9108
1495	9111
1496	9113
1498	9116
1500	9118
1501	9120
1500	9123
1499	9125
1498	9128
1498	9131
1498	9134
1499	9136
1500	9138
1501	9141
1500	9143
1499	9146
1499	9148
1500	9150
1500	9153
1501	9155
1501	9158
1501	9160
1499	9162
1498	9165
1499	9167
1499	9170
1501	9172
1502	9175
1502	9178
1501	9180
1501	9183
1503	9185
1504	9187
1503	9190
1502	9192
1501	9195
1501	9197
1501	9200
1501	9202
1500	9204
1500	9207
1501	9209
1501	9212
1501	9214
1501	9217
1500	9220
1500	9222
1499	9225
1499	9227
1498	9229
1498	9232
1499	9234
1500	9237
1500	9239
1500	9241
1500	9244
1500	9246
1500	9249
1498	9251
1497	9253
1498	9256
1499	9259
1498	9262
1497	9264
1498	9267
1498	9269
1497	9271
1496	9274
1497	9276
1497	9279
1497	9281
1498	9283
1498	9286
1497	9288
1496	9291
1495	9293
1496	9295
1497	9298
1497	9300
1495	9304
1494	9306
1494	9308
1494	9311
1494	9313
1496	9316
1497	9318
1498	9320
1495	9323
1493	9325
1493	9328
1492	9330
1493	9332
1494	9335
1495	9337
1496	9340
1497	9342
1498	9346
1498	9348
1498	9350
1498	9353
1497	9355
1495	9358
1495	9360
1496	9362
1495	9365
1494	9367
1493	9370
1493	9372
1493	9374
1493	9377
1494	9379
1493	9382
1493	9384
1493	9387
1493	9390
1492	9392
1492	9395
1491	9397
1491	9399
1490	9402
1491	9404
1491	9407
1493	9409
1494	9412
1494	9414
1493	9416
1492	9419
1492	9421
1492	9424
1493	9426
1494	9428
1493	9432
1492	9434
1493	9437
1494	9439
1493	9441
1494	9444
1494	9446
1494	9449
1493	9451
1493	9453
1494	9456
1495	9458
1494	9461
1490	9463
1488	9465
1489	9468
1490	9470
1491	9474
1492	9476
1491	9479
1490	9481
1489	9483
1489	9486
1489	9488
1490	9491
1490	9493
1491	9495
1491	9498
1490	9500
1491	9503
1491	9505
1490	9507
1490	9510
1490	9512
1490	9516
1489	9518
1489	9520
1490	9523
1490	9525
1489	9528
1489	9530
1490	9532
1491	9535
1491	9537
1491	9540
1491	9542
1490	9545
1491	9547
1491	9549
1490	9552
1490	9554
1490	9558
1491	9560
1492	9562
1492	9565
1492	9567
1491	9570
1491	9572
1491	9574
1492	9577
1493	9579
1492	9582
1491	9584
1491	9586
1490	9589
1490	9591
1491	9594
1491	9596
1491	9598
1491	9602
1490	9604
1489	9607
1490	9609
1490	9612
1490	9614
1492	9616
1492	9619
1490	9621
1490	9624
1489	9626
1489	9628
1487	9631
1488	9633
1490	9636
1490	9638
1490	9640
1491	9644
1491	9646
1491	9649
1491	9651
1492	9653
1491	9656
1490	9658
1489	9661
1489	9663
1490	9665
1489	9668
1489	9670
1489	9673
1489	9675
1490	9677
1491	9680
1492	9682
1491	9686
1490	9688
1488	9691
1487	9693
1487	9695
1489	9698
1490	9700
1490	9703
1491	9705
1492	9707
1491	9710
1490	9712
1490	9715
1491	9717
1491	9719
1491	9722
1491	9724
1491	9728
1492	9730
1491	9732
1490	9735
1489	9737
1488	9740
1489	9742
1489	9744
1489	9747
1489	9749
1489	9752
1489	9754
1489	9756
1489	9759
1489	9761
1490	9764
1492	9766
1490	9769
1487	9772
1486	9774
1488	9777
1489	9779
1490	9782
1489	9784
1490	9786
1492	9789
1492	9791
1492	9794
1491	9796
1491	9798
1491	9801
1491	9803
1493	9806
1492	9808
1491	9810
1491	9814
1491	9816
1492	9819
1493	9821
1493	9823
1492	9826
1491	9828
1490	9831
1491	9833
1492	9835
1492	9838
1491	9840
1490	9843
1488	9845
1489	9848
1489	9850
1490	9852
1491	9856
1491	9858
1492	9861
1492	9863
1494	9865
1496	9868
1495	9870
1493	9873
1490	9875
1490	9877
1491	9880
1491	9882
1491	9885
1491	9887
1489	9889
1488	9892
1488	9894
1488	9897
1488	9900
1489	9902
1489	9905
1488	9907
1487	9910
