⸮⸮⸮I2C Verbindung gefunden!.
1497	2
1499	4
1499	7
1500	9
1500	11
1500	13
1500	16
1501	18
1500	20
1500	23
1501	25
1501	27
1502	30
1501	32
1501	34
1502	36
1502	39
1503	41
1503	44
1504	47
1504	49
1504	51
1504	54
1504	56
1505	58
1506	61
1505	63
1506	65
1506	67
1505	70
1504	72
1503	74
1503	77
1504	79
1505	81
1505	84
1505	87
1503	89
1502	91
1502	94
1499	96
1498	98
1500	101
1501	103
1502	105
1504	108
1504	110
1503	112
1503	115
1503	117
1502	120
1501	122
1501	124
1500	128
1500	130
1499	132
1499	135
1499	137
1498	139
1498	142
1498	144
1497	146
1497	149
1497	151
1496	153
1493	156
1492	158
1494	161
1495	163
1495	165
1496	168
1496	171
1496	173
1496	176
1497	178
1497	180
1496	183
1494	185
1494	187
1495	190
1495	192
1494	194
1493	197
1493	199
1492	202
1491	204
1491	206
1490	209
1489	211
1489	214
1491	217
1491	219
1491	221
1492	224
1491	226
1491	228
1492	231
1492	233
1492	235
1492	238
1491	240
1491	243
1493	245
1495	247
1496	250
1495	252
1494	254
1490	258
1492	260
1489	262
1490	265
1487	267
1487	269
1485	272
1485	274
1485	277
1486	279
1488	281
1490	284
1490	286
1490	288
1490	291
1490	293
1491	295
1491	299
1491	301
1491	303
1491	306
1490	308
1490	310
1491	313
1492	315
1492	318
1492	320
1492	322
1491	325
1491	327
1491	329
1492	332
1493	334
1492	336
1492	339
1493	342
1494	344
1495	347
1495	349
1495	351
1495	354
1496	356
1496	359
1496	361
1497	363
1497	366
1497	368
1496	370
1496	373
1497	375
1498	377
1498	380
1499	382
1499	385
1499	388
1499	390
1499	392
1500	395
1500	397
1499	400
1499	402
1498	404
1498	407
1498	409
1496	411
1496	414
1497	416
1498	418
1498	421
1498	423
1498	425
1497	429
1496	431
1496	434
1496	436
1496	438
1494	441
1494	443
1492	445
1494	448
1495	450
1495	452
1495	455
1495	457
1495	459
1495	462
1495	464
1494	466
1493	470
1492	472
1492	475
1494	477
1495	479
1496	482
1496	484
1495	486
1495	489
1492	491
1491	493
1491	496
1491	498
1491	500
1492	503
1493	505
1494	507
1494	510
1494	513
1494	516
1493	518
1493	520
1493	523
1493	525
1493	527
1493	530
1493	532
1493	534
1493	537
1493	539
1491	541
1490	544
1489	546
1489	548
1490	551
1490	553
1490	557
1491	559
1490	561
1486	564
1485	566
1486	568
1487	571
1488	573
1487	575
1487	578
1488	580
1489	582
1490	585
1491	587
1492	590
1492	592
1492	594
1491	598
1490	600
1489	602
1489	605
1489	607
1489	609
1490	612
1490	614
1489	616
1489	619
1487	621
1486	623
1486	626
1487	628
1486	631
1486	633
1487	635
1486	638
1485	641
1485	643
1486	646
1487	648
1489	650
1490	653
1491	655
1491	657
1491	660
1491	662
1492	664
1492	667
1492	669
1492	672
1492	674
1492	676
1492	679
1491	681
1491	684
1491	687
1492	689
1492	691
1491	694
1490	696
1491	698
1493	701
1494	703
1494	706
1494	708
1494	710
1494	713
1495	715
1495	717
1494	720
1494	722
1495	724
1496	728
1498	730
1498	732
1499	735
1498	737
1498	739
1498	742
1498	744
1498	747
1498	749
1498	751
1497	754
1497	756
1498	758
1499	761
1500	763
1500	765
1500	769
1501	771
1501	773
1502	776
1502	778
1502	781
1502	783
1502	785
1502	788
1502	790
1501	792
1500	795
1501	797
1502	799
1502	802
1502	804
1501	806
1501	809
1500	812
1499	814
1498	817
1498	819
1498	822
1497	824
1496	826
1496	829
1496	831
1494	833
1494	836
1494	838
1495	840
1494	843
1494	845
1494	847
1495	850
1496	852
1496	855
1496	858
1496	860
1496	863
1497	865
1497	867
1497	870
1496	872
1496	874
1496	877
1496	879
1497	881
1497	884
1497	886
1497	888
1497	891
1497	893
1497	897
1498	899
1499	901
1499	904
1498	906
1499	908
1498	911
1497	913
1497	915
1498	918
1499	920
1499	922
1498	925
1498	927
1498	929
1499	932
1500	934
1501	937
1500	940
1499	942
1498	945
1498	947
1499	949
1501	952
1502	954
1502	956
1502	959
1503	961
1503	963
1503	966
1504	968
1504	971
1503	973
1502	975
1503	978
1505	980
1506	983
1506	986
1505	988
1503	990
1503	993
1504	995
1506	997
1506	1000
1506	1002
1505	1005
1505	1007
1504	1009
1503	1012
1503	1014
1504	1017
1506	1019
1506	1021
1506	1025
1505	1027
1504	1030
1504	1032
1504	1034
1505	1037
1504	1039
1504	1042
1504	1044
1504	1046
1505	1049
1505	1051
1504	1054
1505	1056
1505	1058
1505	1061
1506	1063
1506	1067
1505	1069
1506	1072
1507	1074
1507	1076
1508	1079
1508	1081
1508	1084
1508	1086
1509	1088
1509	1091
1508	1093
1508	1096
1509	1098
1509	1100
1509	1103
1509	1105
1509	1108
1508	1111
1508	1113
1508	1116
1508	1118
1508	1121
1507	1123
1507	1125
1508	1128
1508	1130
1508	1133
1508	1135
1507	1137
1507	1140
1507	1142
1507	1145
1507	1147
1507	1149
1507	1153
1508	1155
1509	1158
1508	1160
1508	1163
1507	1165
1506	1167
1505	1170
1504	1172
1503	1175
1504	1177
1505	1179
1505	1182
1506	1184
1506	1187
1506	1189
1505	1191
1504	1195
1503	1197
1504	1200
1504	1202
1504	1204
1505	1207
1506	1209
1505	1212
1502	1214
1501	1216
1502	1219
1503	1221
1505	1224
1506	1226
1505	1228
1505	1231
1504	1233
1504	1236
1504	1239
1502	1242
1502	1244
1504	1246
1505	1249
1505	1251
1505	1254
1504	1256
1505	1258
1505	1261
1504	1263
1504	1266
1504	1268
1504	1270
1504	1273
1504	1275
1504	1278
1504	1281
1502	1283
1501	1286
1501	1288
1502	1291
1503	1293
1504	1295
1504	1298
1504	1300
1504	1303
1503	1305
1503	1307
1504	1310
1505	1312
1505	1315
1504	1317
1503	1319
1503	1323
1504	1325
1502	1328
1502	1330
1502	1333
1503	1335
1503	1337
1502	1340
1501	1342
1501	1345
1502	1347
1502	1349
1501	1352
1501	1354
1500	1357
1500	1359
1501	1361
1501	1364
1499	1367
1499	1370
1500	1372
1500	1374
1500	1377
1500	1379
1499	1382
1499	1384
1498	1386
1498	1389
1499	1391
1499	1394
1499	1396
1500	1398
1501	1401
1501	1403
1502	1406
1500	1409
1498	1411
1498	1414
1498	1416
1497	1419
1496	1421
1496	1424
1496	1426
1497	1428
1498	1431
1497	1433
1497	1436
1497	1438
1497	1440
1497	1443
1497	1445
1497	1448
1497	1451
1497	1453
1497	1456
1497	1458
1497	1461
1497	1463
1497	1465
1496	1468
1495	1470
1492	1473
1492	1475
1494	1477
1495	1480
1495	1482
1494	1485
1494	1487
1494	1489
1493	1492
1492	1495
1492	1498
1491	1500
1490	1502
1491	1505
1491	1507
1490	1510
1490	1512
1489	1514
1488	1517
1487	1519
1487	1522
1488	1524
1487	1527
1487	1529
1488	1531
1486	1534
1486	1537
1485	1540
1485	1542
1486	1544
1487	1547
1486	1549
1485	1552
1485	1554
1485	1556
1485	1559
1485	1561
1485	1564
1485	1566
1486	1568
1486	1571
1486	1573
1487	1576
1486	1579
1485	1581
1484	1584
1485	1586
1484	1589
1484	1591
1484	1593
1485	1596
1484	1598
1483	1601
1484	1603
1484	1605
1485	1608
1485	1610
1484	1613
1485	1615
1485	1618
1485	1620
1485	1623
1485	1626
1486	1628
1486	1631
1485	1633
1485	1635
1485	1638
1485	1640
1485	1643
1485	1645
1486	1647
1486	1650
1486	1652
1486	1655
1484	1657
1483	1659
1483	1662
1484	1665
1484	1668
1483	1670
1483	1672
1483	1675
1483	1677
1483	1680
1483	1682
1484	1684
1483	1687
1482	1689
1482	1692
1483	1694
1484	1696
1483	1699
1482	1701
1482	1704
1482	1707
1481	1709
1481	1712
1482	1714
1483	1717
1483	1719
1482	1721
1482	1724
1483	1726
1483	1729
1483	1731
1483	1734
1482	1736
1482	1738
1482	1741
1482	1743
1482	1746
1482	1748
1482	1751
1482	1754
1483	1756
1483	1759
1484	1761
1486	1763
1486	1766
1485	1768
1486	1771
1487	1773
1487	1775
1486	1778
1485	1780
1484	1783
1482	1785
1483	1787
1486	1790
1486	1793
1485	1796
1484	1798
1484	1800
1484	1803
1484	1805
1484	1808
1484	1810
1485	1812
1484	1815
1484	1817
1486	1820
1485	1822
1485	1824
1484	1827
1483	1829
1482	1832
1481	1835
1483	1838
1485	1840
1486	1842
1486	1845
1485	1847
1484	1850
1483	1852
1485	1854
1488	1857
1489	1859
1489	1862
1489	1864
1489	1866
1485	1869
1481	1871
1482	1874
1486	1876
1488	1879
1489	1882
1489	1884
1489	1887
1489	1889
1491	1891
1494	1894
1496	1896
1497	1899
1492	1901
1489	1903
1493	1906
1495	1908
1501	1911
1501	1913
1499	1915
1497	1918
1498	1921
1498	1924
1497	1926
1493	1928
1490	1931
1489	1933
1488	1936
1487	1938
1486	1941
1485	1943
1485	1945
1484	1948
1484	1950
1484	1953
1484	1955
1485	1957
1486	1960
1488	1963
1488	1966
1487	1968
1485	1970
1484	1973
1483	1975
1485	1978
1485	1980
1489	1982
1494	1985
1496	1987
1494	1990
1495	1992
1494	1994
1493	1997
1493	1999
1496	2002
1500	2004
1499	2007
1498	2010
1499	2012
1498	2015
1494	2017
1498	2019
1498	2022
1497	2024
1489	2027
1483	2029
1488	2031
1492	2034
1492	2036
1489	2039
1484	2041
1481	2044
1479	2046
1478	2049
1476	2052
1474	2054
1474	2057
1474	2059
1474	2061
1475	2064
1480	2066
1484	2069
1483	2071
1482	2073
1489	2076
1494	2078
1490	2081
1482	2083
1482	2085
1488	2088
1487	2091
1479	2094
1481	2096
1496	2098
1501	2101
1491	2103
1486	2106
1483	2108
1482	2110
1479	2113
1475	2115
1469	2118
1468	2120
1473	2122
1474	2125
1474	2127
1473	2130
1473	2132
1473	2136
1474	2138
1475	2140
1478	2143
1484	2145
1488	2148
1488	2150
1492	2152
1496	2155
1497	2157
1496	2160
1494	2162
1495	2164
1494	2167
1502	2169
1505	2172
1503	2174
1502	2177
1501	2180
1495	2182
1492	2185
1497	2187
1505	2189
1518	2192
1523	2194
1527	2197
1519	2199
1505	2201
1496	2204
1486	2206
1481	2209
1476	2211
1474	2214
1475	2216
1472	2219
1471	2222
1470	2224
1469	2227
1469	2229
1469	2231
1470	2234
1473	2236
1475	2239
1479	2241
1492	2243
1492	2246
1489	2248
1485	2251
1481	2253
1483	2255
1486	2258
1480	2260
1480	2264
1482	2266
1504	2268
1511	2271
1512	2273
1506	2276
1491	2278
1480	2280
1470	2283
1470	2285
1471	2288
1467	2290
1465	2292
1463	2295
1461	2297
1460	2300
1457	2302
1455	2306
1457	2308
1458	2310
1466	2313
1464	2315
1469	2318
1469	2320
1465	2322
1460	2325
1458	2327
1460	2330
1467	2332
1484	2334
1490	2337
1485	2339
1478	2342
1475	2344
1470	2347
1476	2350
1484	2352
1481	2355
1476	2357
1470	2359
1466	2362
1469	2364
1466	2367
1464	2369
1468	2371
1474	2374
1472	2376
1475	2379
1468	2381
1462	2383
1471	2386
1477	2388
1478	2392
1483	2394
1490	2397
1486	2399
1477	2401
1470	2404
1468	2406
1463	2409
1461	2411
1459	2413
1460	2416
1477	2418
1495	2421
1504	2423
1501	2425
1492	2428
1482	2430
1473	2434
1467	2436
1465	2438
1466	2441
1471	2443
1476	2446
1486	2448
1491	2450
1488	2453
1482	2455
1479	2458
1474	2460
1471	2462
1472	2465
1484	2467
1491	2470
1512	2472
1517	2476
1513	2478
1513	2480
1507	2483
1497	2485
1489	2488
1486	2490
1485	2492
1485	2495
1482	2497
1479	2500
1483	2502
1483	2504
1486	2507
1490	2509
1492	2512
1486	2514
1486	2516
1486	2520
1486	2522
1485	2525
1485	2527
1487	2529
1494	2532
1498	2534
1499	2537
1499	2539
1505	2541
1508	2544
1496	2546
1493	2549
1487	2551
1485	2553
1488	2556
1499	2558
1508	2562
1522	2564
1514	2567
1502	2569
1515	2571
1523	2574
1517	2576
1506	2579
1496	2581
1488	2583
1481	2586
1477	2588
1478	2591
1480	2593
1483	2595
1484	2598
1486	2600
1479	2604
1472	2606
1465	2608
1467	2611
1470	2613
1471	2616
1473	2618
1474	2620
1477	2623
1474	2625
1475	2628
1474	2630
1484	2632
1483	2635
1483	2637
1484	2640
1479	2642
1478	2644
1494	2648
1498	2650
1495	2653
1501	2655
1497	2657
1493	2660
1495	2662
1486	2665
1478	2667
1477	2670
1477	2672
1482	2674
1481	2677
1476	2679
1474	2682
1473	2684
1471	2686
1465	2690
1459	2692
1459	2695
1460	2697
1461	2699
1466	2702
1479	2704
1483	2707
1482	2709
1477	2711
1471	2714
1467	2716
1468	2719
1470	2721
1472	2723
1469	2726
1472	2728
1495	2732
1506	2734
1502	2736
1496	2739
1491	2741
1483	2744
1472	2746
1464	2748
1460	2751
1457	2753
1453	2756
1451	2758
1468	2761
1477	2763
1473	2765
1480	2768
1479	2770
1473	2774
1466	2776
1462	2778
1456	2781
1453	2783
1453	2786
1460	2788
1462	2790
1464	2793
1472	2795
1481	2798
1482	2800
1475	2802
1470	2805
1470	2807
1478	2810
1496	2812
1499	2814
1496	2818
1491	2820
1492	2823
1497	2825
1487	2827
1480	2830
1478	2832
1480	2835
1482	2837
1476	2839
1468	2842
1461	2844
1456	2847
1454	2849
1453	2852
1453	2854
1454	2856
1456	2860
1458	2862
1459	2865
1463	2867
1465	2869
1468	2872
1470	2874
1473	2877
1478	2879
1479	2881
1481	2884
1481	2886
1490	2889
1496	2891
1487	2893
1486	2896
1489	2898
1485	2902
1488	2904
1499	2906
1502	2909
1511	2911
1520	2914
1508	2916
1497	2918
1485	2921
1484	2923
1475	2926
1470	2928
1469	2930
1467	2933
1466	2935
1467	2938
1461	2940
1458	2942
1457	2946
1457	2948
1457	2951
1458	2953
1458	2956
1459	2958
1460	2960
1461	2963
1467	2965
1469	2968
1472	2970
1477	2972
1478	2975
1484	2977
1493	2980
1493	2982
1481	2984
1471	2988
1467	2990
1465	2993
1464	2995
1471	2997
1478	3000
1477	3002
1477	3005
1478	3007
1474	3009
1471	3012
1470	3014
1467	3017
1463	3019
1461	3021
1458	3024
1454	3026
1453	3030
1456	3032
1462	3035
1461	3037
1460	3039
1458	3042
1459	3044
1458	3047
1470	3049
1479	3051
1470	3054
1467	3056
1464	3059
1459	3061
1464	3063
1466	3066
1465	3068
1463	3072
1459	3074
1458	3076
1465	3079
1466	3081
1464	3084
1467	3086
1484	3088
1483	3091
1480	3093
1478	3096
1468	3098
1454	3100
1448	3103
1448	3105
1444	3108
1444	3110
1449	3112
1453	3116
1450	3118
1451	3121
1454	3123
1455	3126
1456	3128
1455	3130
1451	3133
1448	3135
1447	3138
1454	3140
1457	3142
1461	3145
1465	3147
1463	3150
1457	3152
1456	3154
1457	3158
1466	3160
1475	3163
1469	3165
1468	3167
1466	3170
1465	3172
1463	3175
1465	3177
1463	3179
1461	3182
1462	3184
1461	3187
1458	3189
1459	3192
1464	3194
1464	3196
1468	3200
1463	3202
1459	3205
1465	3207
1468	3209
1468	3212
1466	3214
1467	3217
1468	3219
1471	3221
1466	3224
1467	3226
1471	3229
1473	3231
1472	3233
1476	3236
1478	3238
1475	3241
1473	3244
1479	3246
1492	3249
1489	3251
1484	3254
1482	3256
1485	3258
1483	3261
1472	3263
1476	3266
1474	3268
1470	3270
1472	3273
1476	3275
1480	3278
1479	3280
1475	3282
1470	3286
1468	3288
1472	3291
1474	3293
1474	3296
1471	3298
1470	3300
1473	3303
1477	3305
1477	3308
1477	3310
1479	3312
1478	3315
1476	3317
1479	3320
1485	3322
1490	3324
1486	3328
1492	3330
1492	3333
1490	3335
1490	3337
1494	3340
1491	3342
1489	3345
1509	3347
1511	3349
1500	3352
1489	3354
1481	3357
1479	3359
1480	3361
1476	3364
1475	3366
1477	3369
1480	3372
1482	3374
1481	3377
1480	3379
1481	3382
1480	3384
1481	3386
1483	3389
1495	3391
1508	3394
1503	3396
1494	3399
1489	3401
1486	3403
1483	3406
1485	3408
1488	3411
1487	3414
1483	3416
1482	3419
1488	3421
1509	3424
1513	3426
1504	3428
1498	3431
1492	3433
1488	3436
1483	3438
1484	3440
1489	3443
1489	3445
1485	3448
1483	3450
1482	3452
1489	3456
1499	3458
1494	3461
1485	3463
1490	3465
1491	3468
1490	3470
1484	3473
1481	3475
1478	3478
1476	3480
1487	3482
1504	3485
1512	3487
1514	3490
1506	3492
1498	3494
1487	3497
1483	3500
1482	3503
1478	3505
1480	3507
1487	3510
1486	3512
1482	3515
1480	3517
1488	3519
1496	3522
1497	3524
1497	3527
1492	3529
1485	3531
1480	3534
1482	3536
1482	3539
1482	3542
1480	3544
1479	3547
1476	3549
1479	3552
1483	3554
1481	3556
1483	3559
1496	3561
1502	3564
1503	3566
1500	3569
1495	3571
1499	3573
1497	3576
1489	3578
1479	3581
1475	3584
1475	3586
1477	3589
1484	3591
1491	3594
1487	3596
1481	3598
1476	3601
1474	3603
1474	3606
1478	3608
1487	3610
1481	3613
1477	3615
1475	3618
1473	3620
1474	3622
1483	3625
1486	3628
1483	3631
1479	3633
1481	3635
1493	3638
1490	3640
1478	3643
1473	3645
1472	3648
1473	3650
1480	3652
1485	3655
1495	3657
1491	3660
1482	3662
1485	3664
1490	3667
1487	3670
1481	3673
1477	3675
1475	3677
1473	3680
1478	3682
1485	3685
1488	3687
1486	3689
1482	3692
1477	3694
1474	3697
1473	3699
1472	3701
1473	3704
1475	3706
1480	3709
1485	3712
1485	3714
1481	3717
1478	3719
1479	3722
1489	3724
1498	3726
1497	3729
1495	3731
1500	3734
1500	3736
1493	3739
1490	3741
1502	3743
1500	3746
1494	3748
1485	3751
1477	3753
1477	3756
1478	3759
1476	3761
1475	3764
1473	3766
1473	3768
1473	3771
1468	3773
1467	3776
1473	3778
1477	3780
1480	3783
1480	3785
1491	3788
1493	3790
1496	3792
1495	3795
1493	3798
1486	3801
1475	3803
1472	3805
1475	3808
1480	3810
1487	3813
1485	3815
1483	3818
1479	3820
1476	3822
1479	3825
1481	3827
1490	3830
1488	3832
1481	3834
1477	3837
1476	3840
1472	3843
1470	3845
1475	3847
1487	3850
1487	3852
1483	3855
1485	3857
1479	3859
1476	3862
1475	3864
1473	3867
1474	3869
1472	3871
1478	3874
1482	3876
1484	3879
1495	3881
1505	3884
1500	3887
1492	3889
1486	3892
1482	3894
1479	3896
1478	3899
1475	3901
1471	3904
1472	3906
1473	3909
1483	3911
1483	3913
1480	3916
1479	3918
1474	3921
1472	3923
1473	3926
1472	3929
1470	3931
1473	3934
1485	3936
1482	3938
1475	3941
1472	3943
1473	3946
1474	3948
1481	3950
1497	3953
1495	3955
1485	3958
1477	3960
1481	3962
1488	3965
1489	3968
1485	3971
1509	3973
1515	3975
1508	3978
1493	3980
1487	3983
1478	3985
1482	3988
1484	3990
1478	3992
1470	3995
1466	3997
1464	4000
1461	4002
1461	4004
1461	4007
1471	4009
1472	4013
1467	4015
1466	4017
1462	4020
1458	4022
1457	4025
1468	4027
1473	4029
1471	4032
1467	4034
1469	4037
1468	4039
1473	4041
1486	4044
1490	4046
1491	4049
1496	4051
1491	4054
1482	4057
1476	4059
1476	4062
1472	4064
1469	4066
1469	4069
1478	4071
1473	4074
1465	4076
1463	4079
1465	4081
1464	4083
1467	4086
1477	4088
1489	4091
1484	4093
1478	4096
1475	4099
1470	4101
1466	4104
1466	4106
1465	4108
1469	4111
1477	4113
1483	4116
1484	4118
1475	4120
1476	4123
1488	4125
1495	4128
1491	4130
1484	4132
1481	4135
1475	4137
1474	4141
1490	4143
1493	4145
1487	4148
1481	4150
1475	4153
1485	4155
1493	4157
1484	4160
1479	4162
1472	4165
1469	4167
1468	4170
1464	4172
1463	4174
1469	4177
1473	4179
1470	4183
1471	4185
1481	4187
1476	4190
1471	4192
1469	4195
1467	4197
1471	4199
1472	4202
1473	4204
1481	4207
1477	4209
1474	4211
1472	4214
1477	4216
1478	4219
1472	4221
1468	4224
1465	4227
1468	4229
1483	4232
1479	4234
1470	4236
1467	4239
1469	4241
1476	4244
1473	4246
1472	4249
1480	4251
1486	4253
1478	4256
1474	4258
1474	4261
1474	4263
1467	4265
1465	4269
1470	4271
1475	4274
1476	4276
1468	4278
1465	4281
1479	4283
1480	4286
1478	4288
1471	4290
1469	4293
1467	4295
1472	4298
1475	4300
1476	4302
1478	4305
1473	4307
1477	4311
1474	4313
1467	4315
1466	4318
1469	4320
1472	4323
1472	4325
1471	4327
1480	4330
1477	4332
1476	4335
1469	4337
1468	4340
1471	4342
1483	4344
1484	4347
1481	4349
1478	4353
1476	4355
1468	4357
1468	4360
1471	4362
1492	4365
1496	4367
1490	4369
1487	4372
1478	4374
1471	4377
1469	4379
1466	4381
1466	4384
1467	4386
1467	4389
1462	4391
1468	4393
1467	4397
1466	4399
1469	4402
1477	4404
1480	4406
1481	4409
1486	4411
1486	4414
1493	4416
1483	4418
1475	4421
1469	4423
1465	4426
1466	4428
1464	4431
1459	4433
1457	4435
1480	4439
1500	4441
1507	4444
1509	4446
1500	4448
1495	4451
1492	4453
1481	4456
1484	4458
1479	4460
1480	4463
1494	4465
1491	4468
1480	4470
1473	4472
1468	4475
1469	4477
1469	4481
1469	4483
1468	4485
1474	4488
1473	4490
1475	4493
1470	4495
1467	4497
1479	4500
1492	4502
1493	4505
1487	4507
1479	4510
1473	4512
1475	4514
1493	4517
1503	4519
1497	4523
1486	4525
1480	4527
1476	4530
1475	4532
1476	4535
1471	4537
1480	4539
1478	4542
1475	4544
1470	4547
1467	4549
1469	4551
1468	4554
1463	4556
1459	4559
1465	4561
1470	4563
1478	4567
1486	4569
1488	4572
1483	4574
1474	4576
1471	4579
1481	4581
1479	4584
1471	4586
1468	4588
1468	4591
1468	4593
1473	4596
1476	4598
1477	4601
1477	4603
1474	4605
1467	4609
1472	4611
1471	4614
1471	4616
1477	4618
1475	4621
1470	4623
1466	4626
1470	4628
1498	4630
1506	4633
1499	4635
1486	4638
1486	4640
1481	4642
1481	4645
1492	4647
1492	4651
1486	4653
1485	4655
1485	4658
1474	4660
1466	4663
1468	4665
1471	4667
1472	4670
1477	4672
1476	4675
1476	4677
1478	4680
1487	4682
1490	4684
1487	4687
1485	4689
1479	4692
1473	4695
1473	4697
1478	4700
1493	4702
1519	4705
1510	4707
1498	4709
1492	4712
1489	4714
1485	4717
1482	4719
1483	4721
1492	4724
1489	4726
1479	4729
1473	4731
1470	4733
1473	4737
1489	4739
1495	4742
1494	4744
1490	4746
1484	4749
1486	4751
1494	4754
1490	4756
1488	4759
1487	4761
1484	4763
1482	4766
1482	4768
1487	4771
1490	4773
1491	4775
1492	4779
1501	4781
1495	4784
1495	4786
1498	4788
1497	4791
1496	4793
1494	4796
1500	4798
1503	4800
1495	4803
1500	4805
1500	4808
1496	4810
1492	4812
1484	4815
1482	4817
1489	4820
1494	4823
1496	4825
1496	4828
1509	4830
1515	4833
1503	4835
1520	4838
1522	4840
1512	4842
1500	4845
1495	4847
1491	4850
1487	4852
1488	4854
1489	4857
1488	4859
1489	4862
1487	4865
1486	4867
1485	4870
1493	4872
1515	4875
1514	4877
1504	4879
1497	4882
1498	4884
1499	4887
1501	4889
1501	4891
1507	4894
1508	4896
1510	4899
1514	4901
1508	4903
1506	4907
1511	4909
1505	4912
1499	4914
1501	4917
1505	4919
1500	4921
1498	4924
1499	4926
1495	4929
1498	4931
1504	4933
1502	4936
1501	4938
1504	4941
1498	4943
1487	4945
1479	4948
1479	4951
1485	4954
1499	4956
1503	4958
1513	4961
1508	4963
1499	4966
1508	4968
1535	4970
1522	4973
1506	4975
1500	4978
1492	4980
1486	4982
1496	4985
1502	4987
1500	4990
1495	4993
1489	4996
1489	4998
1490	5000
1492	5003
1502	5005
1514	5008
1511	5010
1507	5012
1499	5015
1494	5017
1490	5020
1491	5022
1496	5024
1503	5027
1523	5029
1527	5032
1527	5035
1522	5037
1514	5040
1508	5042
1510	5045
1511	5047
1504	5049
1506	5052
1508	5054
1507	5057
1500	5059
1494	5062
1488	5064
1486	5066
1486	5069
1489	5071
1495	5074
1507	5076
1507	5079
1518	5082
1529	5084
1521	5087
1516	5089
1512	5091
1512	5094
1508	5096
1504	5099
1500	5101
1500	5103
1518	5106
1522	5108
1518	5111
1515	5113
1513	5115
1508	5118
1511	5121
1511	5124
1504	5126
1502	5128
1502	5131
1497	5133
1496	5136
1499	5138
1504	5141
1508	5143
1508	5145
1507	5148
1506	5150
1512	5153
1527	5155
1523	5157
1514	5160
1508	5163
1504	5166
1505	5168
1508	5170
1503	5173
1509	5175
1520	5178
1528	5180
1524	5182
1518	5185
1517	5187
1511	5190
1501	5192
1501	5194
1503	5197
1499	5199
1506	5202
1502	5204
1495	5207
1503	5210
1509	5212
1513	5215
1514	5217
1508	5220
1508	5222
1514	5224
1517	5227
1515	5229
1511	5232
1508	5234
1504	5236
1498	5239
1496	5241
1502	5244
1501	5246
1502	5249
1508	5252
1512	5254
1513	5257
1510	5259
1510	5261
1507	5264
1512	5266
1511	5269
1507	5271
1515	5273
1517	5276
1515	5278
1507	5281
1502	5283
1506	5285
1513	5288
1515	5291
1518	5294
1511	5296
1506	5299
1504	5301
1498	5303
1503	5306
1502	5308
1513	5311
1514	5313
1511	5315
1513	5318
1527	5320
1528	5323
1522	5325
1513	5327
1510	5330
1513	5332
1506	5336
1503	5338
1503	5340
1507	5343
1509	5345
1517	5348
1520	5350
1510	5352
1499	5355
1505	5357
1508	5360
1511	5362
1511	5364
1507	5367
1510	5369
1510	5372
1507	5374
1512	5378
1521	5380
1518	5382
1525	5385
1524	5387
1514	5390
1520	5392
1516	5394
1509	5397
1511	5399
1517	5402
1520	5404
1519	5406
1510	5409
1505	5411
1509	5414
1520	5416
1513	5419
1505	5422
1501	5424
1497	5427
1499	5429
1507	5431
1521	5434
1519	5436
1509	5439
1504	5441
1505	5443
1499	5446
1499	5448
1507	5451
1517	5453
1519	5456
1519	5458
1518	5460
1523	5464
1529	5466
1526	5469
1517	5471
1507	5473
1502	5476
1497	5478
1500	5481
1502	5483
1510	5485
1505	5488
1508	5490
1519	5493
1525	5495
1531	5497
1519	5500
1505	5502
1499	5506
1496	5508
1492	5510
1496	5513
1510	5515
1508	5518
1504	5520
1500	5522
1498	5525
1520	5527
1534	5530
1537	5532
1525	5535
1512	5537
1504	5539
1496	5542
1492	5544
1491	5548
1491	5550
1489	5552
1493	5555
1493	5557
1495	5560
1497	5562
1499	5564
1499	5567
1505	5569
1505	5572
1500	5574
1501	5576
1505	5579
1505	5581
1508	5584
1505	5586
1506	5588
1508	5592
1501	5594
1499	5597
1500	5599
1511	5602
1528	5604
1531	5606
1531	5609
1533	5611
1525	5614
1515	5616
1506	5618
1500	5621
1498	5623
1503	5626
1497	5628
1497	5630
1499	5634
1497	5636
1500	5639
1504	5641
1505	5643
1503	5646
1502	5648
1511	5651
1510	5653
1503	5655
1498	5658
1496	5660
1501	5663
1518	5665
1518	5667
1514	5670
1513	5672
1526	5676
1531	5678
1519	5680
1500	5683
1490	5685
1488	5688
1487	5690
1486	5693
1490	5695
1496	5697
1497	5700
1497	5702
1496	5705
1491	5707
1494	5709
1494	5712
1491	5714
1494	5718
1509	5720
1526	5722
1515	5725
1506	5727
1504	5730
1495	5732
1492	5734
1488	5737
1485	5739
1501	5742
1514	5744
1509	5746
1502	5749
1497	5751
1501	5754
1496	5756
1499	5760
1514	5762
1508	5764
1506	5767
1504	5769
1497	5772
1492	5774
1491	5776
1492	5779
1496	5781
1500	5784
1501	5786
1504	5788
1500	5791
1529	5793
1513	5796
1494	5798
1487	5800
1484	5804
1494	5806
1511	5809
1517	5811
1509	5813
1497	5816
1490	5818
1492	5821
1504	5823
1505	5825
1506	5828
1510	5830
1505	5833
1499	5835
1496	5838
1498	5840
1499	5842
1506	5846
1518	5848
1523	5851
1523	5853
1518	5855
1505	5858
1502	5860
1497	5863
1495	5865
1498	5867
1499	5870
1503	5872
1508	5875
1504	5877
1513	5879
1517	5882
1516	5884
1511	5888
1515	5890
1517	5892
1514	5895
1509	5897
1507	5900
1507	5902
1508	5904
1515	5907
1516	5909
1519	5912
1513	5914
1505	5917
1499	5919
1497	5921
1495	5924
1497	5926
1507	5929
1518	5932
1518	5934
1511	5937
1505	5939
1510	5942
1514	5944
1517	5946
1513	5949
1511	5951
1508	5954
1518	5956
1541	5958
1533	5961
1520	5963
1517	5966
1514	5968
1521	5970
1518	5974
1516	5976
1511	5979
1505	5981
1506	5984
1516	5986
1515	5988
1514	5991
1516	5993
1515	5996
1514	5998
1519	6000
1517	6003
1509	6005
1513	6008
1514	6010
1516	6012
1514	6016
1505	6018
1502	6021
1503	6023
1502	6025
1500	6028
1506	6030
1529	6033
1530	6035
1530	6037
1534	6040
1527	6042
1516	6045
1509	6047
1508	6050
1519	6052
1532	6054
1521	6057
1511	6060
1504	6063
1501	6065
1504	6067
1509	6070
1510	6072
1530	6075
1531	6077
1519	6079
1511	6082
1504	6084
1494	6087
1501	6089
1506	6091
1511	6094
1512	6096
1506	6099
1503	6102
1500	6104
1500	6107
1495	6109
1493	6112
1509	6114
1514	6117
1508	6119
1509	6121
1513	6124
1513	6126
1525	6129
1537	6131
1541	6133
1536	6136
1521	6138
1505	6141
1497	6144
1501	6146
1512	6149
1512	6151
1508	6154
1512	6156
1509	6158
1505	6161
1499	6163
1496	6166
1497	6168
1496	6170
1501	6173
1502	6175
1503	6178
1514	6180
1514	6183
1528	6185
1541	6188
1528	6191
1517	6193
1510	6196
1501	6198
1505	6200
1512	6203
1521	6205
1517	6208
1505	6210
1502	6212
1520	6215
1529	6217
1516	6220
1507	6222
1527	6224
1527	6227
1519	6230
1504	6233
1501	6235
1514	6237
1511	6240
1499	6242
1489	6245
1484	6247
1483	6250
1500	6252
1511	6254
1500	6257
1492	6259
1489	6262
1494	6264
1493	6266
1489	6269
1496	6272
1513	6275
1508	6277
1504	6279
1503	6282
1505	6284
1500	6287
1496	6289
1493	6291
1493	6294
1489	6296
1488	6299
1485	6301
1490	6303
1494	6306
1493	6308
1490	6311
1485	6313
1483	6317
1478	6319
1474	6321
1476	6324
1488	6326
1489	6329
1490	6331
1492	6333
1498	6336
1500	6338
1502	6341
1511	6343
1521	6345
1510	6348
1505	6350
1505	6353
1505	6355
1509	6358
1523	6361
1516	6363
1505	6366
1496	6368
1490	6370
1488	6373
1493	6375
1500	6378
1503	6380
1494	6383
1493	6385
1490	6387
1489	6390
1489	6392
1494	6395
1505	6397
1515	6400
1509	6403
1501	6405
1497	6408
1496	6410
1495	6412
1502	6415
1524	6417
1518	6420
1506	6422
1502	6424
1505	6427
1502	6429
1498	6432
1495	6434
1497	6436
1506	6439
1516	6441
1529	6445
1535	6447
1536	6449
1510	6452
1496	6454
1483	6457
1477	6459
1480	6461
1502	6464
1506	6466
1499	6469
1494	6471
1489	6473
1480	6476
1479	6478
1484	6481
1489	6483
1487	6487
1493	6489
1495	6491
1507	6494
1511	6496
1514	6499
1521	6501
1511	6503
1501	6506
1493	6508
1486	6511
1479	6513
1482	6515
1489	6518
1496	6520
1521	6523
1514	6525
1505	6528
1510	6531
1513	6533
1506	6536
1493	6538
1487	6540
1482	6543
1480	6545
1485	6548
1497	6550
1513	6552
1514	6555
1501	6557
1491	6560
1488	6562
1491	6565
1493	6567
1493	6569
1496	6573
1506	6575
1515	6578
1516	6580
1509	6582
1501	6585
1499	6587
1498	6590
1497	6592
1489	6594
1481	6597
1487	6599
1487	6602
1493	6604
1506	6606
1511	6609
1504	6611
1507	6615
1531	6617
1519	6619
1510	6622
1502	6624
1488	6627
1482	6629
1486	6631
1484	6634
1484	6636
1492	6639
1494	6641
1496	6643
1496	6646
1497	6648
1495	6651
1491	6653
1487	6657
1501	6659
1499	6661
1492	6664
1510	6666
1509	6669
1509	6671
1519	6673
1522	6676
1514	6678
1507	6681
1498	6683
1488	6685
1487	6688
1488	6690
1482	6693
1482	6695
1486	6697
1481	6701
1483	6703
1482	6706
1479	6708
1483	6710
1489	6713
1504	6715
1504	6718
1497	6720
1498	6722
1504	6725
1519	6727
1512	6730
1504	6732
1500	6734
1507	6737
1502	6739
1504	6743
1507	6745
1496	6748
1495	6750
1498	6752
1514	6755
1509	6757
1512	6760
1502	6762
1495	6764
1500	6767
1499	6769
1497	6772
1495	6774
1484	6776
1477	6779
1478	6781
1482	6785
1483	6787
1484	6789
1486	6792
1482	6794
1481	6797
1483	6799
1483	6801
1495	6804
1504	6806
1514	6809
1506	6811
1494	6813
1491	6816
1487	6818
1482	6821
1483	6823
1503	6827
1506	6829
1527	6831
1526	6834
1515	6836
1510	6839
1505	6841
1496	6843
1495	6846
1502	6848
1494	6851
1488	6853
1496	6855
1491	6858
1483	6860
1491	6863
1502	6865
1504	6867
1497	6871
1493	6873
1491	6876
1488	6878
1490	6880
1492	6883
1490	6885
1484	6888
1493	6890
1505	6892
1498	6895
1494	6897
1495	6900
1499	6902
1498	6905
1494	6907
1496	6909
1492	6913
1491	6915
1488	6918
1481	6920
1483	6922
1487	6925
1502	6927
1501	6930
1504	6932
1523	6934
1519	6937
1500	6939
1488	6942
1488	6944
1501	6946
1503	6949
1496	6951
1487	6955
1484	6957
1491	6959
1516	6962
1524	6964
1508	6967
1498	6969
1488	6971
1482	6974
1478	6976
1474	6979
1474	6981
1476	6984
1478	6986
1493	6988
1491	6991
1487	6993
1484	6996
1488	6999
1492	7001
1492	7004
1491	7006
1516	7009
1526	7011
1508	7013
1498	7016
1493	7018
1486	7021
1485	7023
1493	7025
1498	7028
1529	7030
1526	7033
1507	7035
1511	7037
1530	7041
1520	7043
1501	7046
1490	7048
1484	7050
1496	7053
1492	7055
1487	7058
1487	7060
1486	7063
1487	7065
1489	7067
1484	7070
1490	7072
1499	7075
1490	7077
1485	7079
1482	7083
1478	7085
1475	7088
1475	7090
1478	7092
1482	7095
1490	7097
1495	7100
1502	7102
1502	7104
1500	7107
1521	7109
1524	7112
1514	7114
1504	7116
1498	7119
1489	7121
1490	7124
1508	7127
1510	7130
1504	7132
1510	7134
1503	7137
1489	7139
1499	7142
1514	7144
1497	7146
1483	7149
1482	7151
1490	7154
1493	7156
1491	7158
1495	7161
1503	7163
1502	7166
1486	7169
1476	7171
1479	7174
1483	7176
1484	7179
1480	7181
1479	7183
1474	7186
1481	7188
1494	7191
1485	7193
1491	7195
1509	7198
1502	7200
1498	7203
1503	7205
1500	7208
1498	7211
1508	7213
1509	7216
1505	7218
1496	7221
1488	7223
1513	7225
1507	7228
1488	7230
1479	7233
1478	7235
1484	7237
1478	7240
1491	7242
1492	7245
1482	7247
1473	7249
1471	7252
1471	7255
1476	7258
1492	7260
1488	7262
1483	7265
1477	7267
1491	7270
1526	7272
1514	7274
1502	7277
1498	7279
1488	7282
1476	7284
1472	7287
1471	7289
1488	7291
1487	7294
1488	7297
1494	7300
1487	7302
1482	7304
1505	7307
1497	7309
1486	7312
1480	7314
1480	7316
1482	7319
1489	7321
1495	7324
1499	7326
1507	7328
1496	7331
1486	7333
1479	7336
1491	7339
1511	7341
1506	7344
1497	7346
1492	7349
1488	7351
1483	7354
1493	7356
1494	7358
1491	7361
1484	7363
1480	7366
1477	7368
1476	7370
1476	7373
1477	7375
1488	7378
1485	7380
1482	7383
1488	7386
1493	7388
1498	7391
1504	7393
1502	7395
1497	7398
1501	7400
1496	7403
1488	7405
1486	7407
1486	7410
1484	7412
1487	7415
1488	7417
1486	7419
1485	7422
1485	7425
1485	7428
1486	7430
1486	7433
1491	7435
1492	7437
1495	7440
1497	7442
1495	7445
1489	7447
1489	7449
1489	7452
1489	7454
1491	7457
1493	7459
1493	7461
1499	7464
1498	7467
1495	7470
1496	7472
1498	7474
1497	7477
1492	7479
1494	7482
1499	7484
1496	7486
1493	7489
1491	7491
1491	7494
1501	7496
1507	7499
1498	7501
1492	7503
1490	7506
1488	7508
1488	7512
1487	7514
1488	7516
1489	7519
1493	7521
1498	7524
1495	7526
1492	7528
1490	7531
1489	7533
1487	7536
1487	7538
1488	7540
1489	7543
1489	7545
1489	7548
1492	7550
1493	7553
1492	7556
1492	7558
1493	7561
1493	7563
1493	7566
1491	7568
1489	7570
1488	7573
1487	7575
1488	7578
1498	7580
1502	7582
1501	7585
1500	7587
1496	7590
1492	7592
1491	7595
1488	7598
1487	7600
1486	7603
1486	7605
1486	7607
1486	7610
1486	7612
1487	7615
1487	7617
1488	7619
1491	7622
1493	7624
1494	7627
1493	7629
1491	7632
1491	7634
1491	7636
1490	7640
1489	7642
1488	7645
1488	7647
1489	7649
1495	7652
1501	7654
1508	7657
1511	7659
1512	7661
1506	7664
1501	7666
1498	7669
1496	7671
1495	7673
1494	7676
1494	7678
1494	7682
1495	7684
1496	7686
1496	7689
1496	7691
1497	7694
1497	7696
1499	7699
1499	7701
1499	7703
1499	7706
1500	7708
1502	7711
1502	7713
1503	7715
1503	7718
1502	7720
1504	7724
1505	7726
1505	7728
1506	7731
1506	7733
1508	7736
1510	7738
1509	7740
1507	7743
1505	7745
1505	7748
1508	7750
1510	7752
1508	7755
1508	7757
1509	7760
1510	7762
1513	7764
1511	7768
1509	7770
1508	7773
1508	7775
1507	7778
1507	7780
1507	7782
1507	7785
1507	7787
1507	7790
1507	7792
1507	7794
1507	7797
1507	7799
1507	7802
1507	7804
1507	7806
1507	7810
1507	7812
1506	7815
1506	7817
1507	7819
1507	7822
1507	7824
1508	7827
1513	7829
1515	7831
1515	7834
1514	7836
1511	7839
1507	7841
1505	7844
1504	7846
1503	7848
1503	7852
1503	7854
1504	7857
1503	7859
1505	7861
1507	7864
1507	7866
1506	7869
1504	7871
1503	7873
1502	7876
1502	7878
1501	7881
1501	7883
1501	7885
1500	7888
1500	7890
1499	7894
1499	7896
1499	7898
1499	7901
1499	7903
1499	7906
1499	7908
1501	7911
1503	7913
1503	7915
1502	7918
1502	7920
1500	7923
1499	7925
1498	7927
1497	7930
1497	7932
1497	7936
1498	7938
1499	7940
1499	7943
1497	7945
1497	7948
1496	7950
1495	7952
1495	7955
1495	7957
1495	7960
1496	7962
1497	7964
1497	7967
1497	7969
1498	7972
1498	7974
1498	7977
1497	7980
1497	7982
1496	7985
1496	7987
1496	7990
1496	7992
1495	7994
1495	7997
1496	7999
1498	8002
1498	8004
1498	8006
1498	8009
1498	8011
1497	8014
1498	8016
1498	8018
1500	8022
1500	8024
1498	8027
1496	8029
1495	8031
1495	8034
1495	8036
1495	8039
1494	8041
1495	8043
1495	8046
1495	8048
1495	8051
1495	8053
1495	8055
1495	8058
1495	8060
1495	8064
1495	8066
1495	8069
1495	8071
1493	8073
1492	8076
1494	8078
1497	8081
1498	8083
1497	8085
1496	8088
1496	8090
1496	8093
1496	8095
1497	8097
1498	8100
1498	8102
1496	8105
1495	8108
1494	8110
1493	8113
1493	8115
1492	8118
1492	8120
1493	8122
1493	8125
1492	8127
1492	8130
1491	8132
1491	8134
1491	8137
1491	8139
1492	8142
1494	8144
1493	8146
1492	8150
1492	8152
1491	8155
1491	8157
1490	8160
1490	8162
1490	8164
1490	8167
1490	8169
1490	8172
1491	8174
1492	8176
1492	8179
1493	8181
1493	8184
1494	8186
1493	8188
1493	8192
1491	8194
1488	8197
1488	8199
1488	8201
1489	8204
1490	8206
1491	8209
1492	8211
1492	8213
1490	8216
1490	8218
1490	8221
1490	8223
1490	8225
1490	8228
1489	8230
1488	8233
1487	8236
1487	8238
1487	8241
1488	8243
1488	8246
1488	8248
1487	8251
1486	8253
1485	8255
1485	8258
1484	8260
1483	8263
1483	8265
1483	8267
1483	8270
1482	8272
1482	8275
1482	8278
1483	8280
1482	8283
1482	8285
1482	8288
1481	8290
1480	8292
1480	8295
1480	8297
1481	8300
1483	8302
1484	8304
1483	8307
1483	8309
1485	8312
1485	8314
1485	8316
1484	8320
1482	8322
1482	8325
1481	8327
1480	8330
1480	8332
1480	8334
1480	8337
1480	8339
1480	8342
1480	8344
1480	8346
1480	8349
1480	8351
1480	8354
1479	8356
1480	8358
1480	8361
1480	8364
1480	8367
1480	8369
1480	8371
1480	8374
1479	8376
1479	8379
1479	8381
1480	8383
1481	8386
1482	8388
1482	8391
1481	8393
1481	8395
1482	8398
1483	8400
1484	8403
1484	8406
1483	8408
1482	8411
1481	8413
1481	8416
1481	8418
1481	8421
1481	8423
1481	8425
1481	8428
1481	8430
1481	8433
1481	8435
1481	8437
1481	8440
1480	8442
1480	8445
1480	8448
1480	8450
1479	8453
1479	8455
1479	8458
1479	8460
1480	8462
1480	8465
1480	8467
1480	8470
1479	8472
1479	8474
1479	8477
1478	8479
1478	8482
1479	8484
1479	8486
1479	8489
1479	8492
1479	8495
1480	8497
1480	8500
1480	8502
1479	8504
1480	8507
1479	8509
1478	8512
1478	8514
1478	8516
1477	8519
1477	8521
1476	8524
1476	8526
1476	8528
1476	8531
1476	8534
1476	8537
1475	8539
1475	8541
1475	8544
1475	8546
1475	8549
1475	8551
1475	8553
1475	8556
1474	8558
1473	8561
1473	8563
1473	8565
1473	8568
1473	8570
1473	8573
1474	8576
1474	8579
1472	8581
1471	8583
1471	8586
1471	8588
1471	8591
1471	8593
1470	8595
1470	8598
1470	8600
1470	8603
1471	8605
1472	8607
1472	8610
1472	8612
1472	8615
1471	8617
1470	8620
1470	8623
1469	8625
1468	8628
1467	8630
1467	8632
1466	8635
1467	8637
1467	8640
1467	8642
1467	8644
1466	8647
1466	8649
1466	8652
1466	8654
1466	8657
1467	8659
1468	8662
1468	8665
1467	8667
1467	8670
1467	8672
1465	8674
1465	8677
1466	8679
1467	8682
1467	8684
1468	8686
1468	8689
1467	8691
1466	8694
1467	8696
1467	8698
1466	8701
1465	8704
1464	8707
1463	8709
1463	8711
1463	8714
1463	8716
1463	8719
1464	8721
1464	8723
1464	8726
1464	8728
1464	8731
1465	8733
1465	8736
1465	8738
1465	8740
1466	8743
1466	8745
1466	8749
1466	8751
1466	8753
1465	8756
1466	8758
1467	8761
1468	8763
1469	8765
1469	8768
1469	8770
1469	8773
1469	8775
1469	8777
1470	8780
1471	8782
1472	8785
1473	8787
1474	8790
1475	8793
1476	8795
1476	8798
1476	8800
1475	8802
1475	8805
1476	8807
1476	8810
1476	8812
1476	8815
1477	8817
1477	8819
1477	8822
1478	8824
1478	8827
1478	8829
1478	8832
1478	8835
1479	8837
1480	8840
1480	8842
1480	8844
1480	8847
1481	8849
1481	8852
1481	8854
1482	8856
1483	8859
1483	8861
1483	8864
1483	8866
1483	8868
1484	8871
1482	8873
1482	8877
1483	8879
1484	8881
1483	8884
1483	8886
1484	8889
1485	8891
1485	8894
1486	8896
1486	8898
1486	8901
1486	8903
1485	8906
1485	8908
1485	8910
1484	8913
1484	8915
1484	8919
1484	8921
1484	8923
1484	8926
1484	8928
1484	8931
1484	8933
1484	8935
1483	8938
1484	8940
1484	8943
1484	8945
1483	8947
1483	8950
1483	8952
1483	8955
1483	8957
1484	8961
1484	8963
1484	8965
1484	8968
1483	8970
1483	8973
1482	8975
1483	8977
1484	8980
1483	8982
1482	8985
1483	8987
1484	8989
1485	8992
1485	8994
1484	8997
1484	8999
1483	9001
1483	9005
1483	9007
1483	9010
1483	9012
1483	9014
1484	9017
1484	9019
1484	9022
1485	9024
1485	9026
1485	9029
1485	9031
1484	9034
1484	9036
1484	9038
1484	9041
1484	9043
1484	9047
1483	9049
1483	9052
1483	9054
1483	9056
1484	9059
1484	9061
1484	9064
1484	9066
1484	9068
1484	9071
1485	9073
1486	9076
1487	9078
1486	9080
1485	9083
1484	9085
1484	9089
1484	9091
1484	9093
1485	9096
1485	9098
1486	9101
1485	9103
1484	9105
1483	9108
1483	9110
1483	9113
1483	9115
1482	9118
1482	9120
1481	9122
1480	9125
1480	9127
1480	9131
1480	9133
1479	9135
1479	9138
1479	9140
1479	9143
1479	9145
1479	9147
1480	9150
1480	9152
1480	9155
1481	9157
1481	9159
1481	9162
1481	9164
1481	9167
1481	9169
1481	9171
1481	9175
1480	9177
1481	9180
1482	9182
1483	9184
1483	9187
1484	9189
1485	9192
1486	9194
1486	9197
1486	9199
1487	9201
1487	9204
1487	9206
1486	9209
1486	9211
1485	9213
1485	9217
1485	9219
1485	9222
1485	9224
1485	9226
1485	9229
1485	9231
1485	9234
1485	9236
1485	9238
1485	9241
1486	9243
1486	9246
1486	9248
1485	9250
1485	9253
1485	9255
1486	9259
1486	9261
1486	9264
1486	9266
1486	9268
1486	9271
1486	9273
1484	9276
1484	9278
1485	9280
1488	9283
1489	9285
1489	9288
1488	9290
1488	9292
1487	9295
1487	9297
1487	9300
1486	9303
1485	9305
1485	9308
1485	9310
1486	9313
1487	9315
1487	9317
1486	9320
1487	9322
1487	9325
1488	9327
1487	9329
1487	9332
1487	9334
1487	9337
1487	9339
1487	9342
1486	9345
1486	9347
1485	9350
1486	9352
1486	9355
1485	9357
1484	9359
1484	9362
1483	9364
1483	9367
1483	9369
1483	9371
1483	9374
1483	9376
1482	9379
1482	9381
1482	9383
1482	9387
1482	9389
1483	9392
1483	9394
1483	9396
1483	9399
1483	9401
1483	9404
1485	9406
1486	9408
1485	9411
1484	9413
1484	9416
1484	9418
1484	9421
1484	9423
1484	9425
1483	9428
1482	9431
1481	9434
1481	9436
1482	9438
1483	9441
1484	9443
1484	9446
1483	9448
1483	9450
1483	9453
1483	9455
1482	9458
1482	9460
1482	9462
1483	9465
1482	9467
1482	9470
1482	9473
1482	9475
1482	9478
1483	9480
1484	9483
1484	9485
1485	9488
1485	9490
1485	9492
1485	9495
1485	9497
1484	9500
1485	9502
1485	9504
1486	9507
1486	9509
1486	9512
1486	9515
1486	9517
1486	9520
1487	9522
1487	9525
1487	9527
1486	9529
1485	9532
1486	9534
1488	9537
1489	9539
1489	9541
1489	9544
1488	9546
1487	9549
1487	9551
1487	9554
1488	9556
1488	9559
1488	9562
1487	9564
1486	9567
1486	9569
1486	9571
1485	9574
1485	9576
1485	9579
1485	9581
1486	9583
1486	9586
1486	9588
1486	9591
1487	9593
1487	9595
1488	9598
1488	9601
1489	9604
1489	9606
1489	9608
1490	9611
1490	9613
1491	9616
1492	9618
1492	9621
1492	9623
1493	9625
1496	9628
1498	9630
1499	9633
1500	9635
1500	9637
1501	9640
1503	9643
1505	9646
1505	9648
1505	9650
1506	9653
1508	9655
1508	9658
1509	9660
1511	9662
1512	9665
1513	9667
1514	9670
1514	9672
1515	9674
1515	9677
1516	9679
1515	9682
1516	9684
1519	9687
1520	9690
1521	9692
1522	9695
1523	9697
1524	9700
1525	9702
1526	9704
1527	9707
1528	9709
1529	9712
1530	9714
1531	9716
1532	9719
1535	9721
1537	9724
1537	9726
1537	9729
1538	9732
1540	9734
1540	9737
1540	9739
1540	9741
1539	9744
1540	9746
1540	9749
1541	9751
1542	9753
1542	9756
1542	9758
1543	9761
1543	9763
1542	9766
1542	9768
1542	9771
1542	9774
1542	9776
1542	9779
1541	9781
1541	9783
1541	9786
1541	9788
1540	9791
1539	9793
1539	9795
1537	9798
1537	9800
1537	9803
1537	9805
1537	9807
1536	9810
1536	9812
1535	9816
1534	9818
1535	9820
1535	9823
1535	9825
1535	9828
1534	9830
1533	9833
1532	9835
1532	9837
1532	9840
1530	9842
1529	9845
1529	9847
1529	9849
1528	9852
1529	9854
1529	9858
1527	9860
1526	9862
1525	9865
1524	9867
1523	9870
1521	9872
1520	9874
1519	9877
1519	9879
1519	9882
1519	9884
1519	9886
1518	9889
1516	9891
1516	9894
1516	9896
1515	9900
1515	9902
1515	9904
1515	9907
1515	9909
1514	9912
1514	9914
1514	9916
1513	9919
1513	9921
1512	9924
1512	9926
1511	9928
1511	9931
1510	9933
1511	9936
1511	9938
1511	9940
1510	9944
1509	9946
1507	9949
1505	9951
1507	9953
1509	9956
1509	9958
1509	9961
1508	9963
1508	9966
1508	9968
1507	9970
1506	9973
1505	9975
1504	9978
1505	9980
1506	9982
1506	9986
1506	9988
1505	9991
1505	9993
1504	9995
1503	9998
1503	10000
1502	10003
1502	10005
1501	10008
1501	10010
1501	10013
1501	10015
1501	10017
1501	10020
1502	10022
1502	10025
1501	10028
1501	10031
1502	10033
1501	10036
1502	10038
1502	10041
1503	10043
1504	10045
1504	10048
1504	10050
1504	10053
1504	10055
1504	10058
1506	10060
1507	10063
1507	10065
1507	10068
1506	10071
1506	10073
1507	10076
1507	10078
1508	10081
1508	10083
1508	10086
1507	10088
1508	10091
1509	10093
1510	10096
1510	10098
1510	10100
1509	10103
1509	10105
1509	10108
1509	10110
1508	10114
1508	10116
1507	10119
1507	10121
1506	10124
1505	10126
1505	10129
1505	10131
1505	10133
1505	10136
1504	10138
1504	10141
1504	10143
1503	10146
1502	10148
1502	10151
1501	10153
1501	10157
1501	10159
1500	10161
1500	10164
1500	10166
1499	10169
1500	10171
1500	10174
1500	10176
1500	10179
1500	10181
1499	10184
1499	10186
1498	10188
1500	10191
1502	10193
1503	10196
1505	10199
1506	10202
1508	10204
1510	10207
1513	10209
1516	10212
1520	10214
1524	10217
1528	10219
1533	10221
1537	10224
1542	10226
1547	10229
1552	10231
1557	10234
1562	10236
1568	10240
1573	10242
1578	10245
1584	10247
1590	10249
1595	10252
1600	10254
1604	10257
1608	10259
1612	10262
1617	10264
1623	10267
1628	10269
1632	10272
1636	10274
1639	10276
1642	10279
1644	10281
1645	10285
1648	10287
1650	10290
1652	10292
1654	10295
1656	10297
1658	10300
1660	10302
1660	10304
1661	10307
1662	10309
1663	10312
1663	10314
1663	10317
1663	10319
1663	10322
1663	10324
1662	10328
1662	10330
1662	10333
1662	10335
1661	10337
1660	10340
1658	10342
1655	10345
1653	10347
1653	10350
1652	10352
1651	10355
1650	10357
1648	10360
1647	10362
1645	10364
1644	10368
1642	10370
1641	10373
1639	10375
1638	10378
1636	10380
1633	10383
1631	10385
1629	10388
1627	10390
1624	10392
1622	10395
1619	10397
1616	10400
1614	10402
1611	10405
1608	10407
1606	10411
