⸮⸮⸮⸮I2C Verbindung gefunden!.
1501	2
1500	4
1500	7
1500	9
1502	11
1502	13
1501	16
1501	18
1501	20
1501	23
1501	25
1501	27
1501	30
1501	32
1500	34
1500	36
1501	39
1501	41
1502	44
1502	47
1501	49
1501	51
1501	54
1501	56
1500	58
1499	61
1499	63
1499	65
1499	67
1498	70
1497	72
1497	74
1498	77
1499	79
1500	81
1500	84
1499	87
1499	89
1498	91
1499	94
1498	96
1500	98
1499	101
1499	103
1498	105
1498	108
1500	110
1499	112
1498	115
1497	117
1497	120
1498	122
1497	124
1497	128
1496	130
1495	132
1496	135
1497	137
1499	139
1500	142
1500	144
1499	146
1500	149
1499	151
1498	153
1498	156
1499	158
1498	161
1498	163
1498	165
1497	168
1496	171
1496	173
1497	176
1498	178
1498	180
1497	183
1497	185
1497	187
1497	190
1499	192
1501	194
1501	197
1501	199
1502	202
1503	204
1503	206
1501	209
1500	211
1499	214
1498	217
1497	219
1497	221
1498	224
1499	226
1499	228
1499	231
1500	233
1503	236
1504	238
1503	240
1502	243
1500	245
1502	247
1503	250
1501	252
1501	254
1499	258
1498	260
1498	262
1498	265
1498	267
1498	269
1498	272
1497	274
1497	277
1499	279
1500	281
1501	284
1501	286
1501	288
1499	291
1499	293
1498	295
1498	299
1498	301
1498	303
1498	306
1497	308
1497	310
1497	313
1497	315
1497	318
1497	320
1498	322
1498	325
1497	327
1497	329
1496	332
1496	334
1497	336
1498	339
1498	342
1497	344
1497	347
1497	349
1498	351
1497	354
1497	356
1497	359
1496	361
1495	363
1496	366
1497	368
1497	370
1497	373
1497	375
1496	377
1496	380
1497	382
1498	385
1498	388
1498	390
1499	393
1500	395
1501	397
1501	400
1500	402
1500	404
1500	407
1498	409
1498	411
1499	414
1499	416
1500	418
1498	421
1497	423
1497	425
1498	429
1498	431
1498	434
1500	436
1501	438
1500	441
1500	443
1500	445
1500	448
1499	450
1500	452
1500	455
1500	457
1499	459
1501	462
1502	464
1500	466
1499	470
1498	472
1498	475
1499	477
1499	479
1500	482
1500	484
1500	486
1500	489
1502	491
1502	493
1503	496
1504	498
1505	500
1506	503
1506	505
1506	507
1506	510
1505	513
1504	516
1504	518
1504	520
1505	523
1503	525
1502	527
1501	530
1501	532
1502	534
1504	537
1505	539
1506	541
1507	544
1509	546
1509	549
1507	551
1506	553
1505	557
1505	559
1505	561
1505	564
1506	566
1506	568
1506	571
1506	573
1505	575
1504	578
1506	580
1507	582
1506	585
1505	587
1508	590
1510	592
1511	594
1510	598
1509	600
1507	602
1505	605
1504	607
1504	609
1505	612
1507	614
1507	616
1507	619
1508	621
1507	624
1506	626
1506	628
1506	631
1505	633
1504	635
1505	638
1505	641
1507	643
1507	646
1507	648
1508	650
1506	653
1506	655
1507	657
1506	660
1504	662
1504	665
1505	667
1505	669
1505	672
1506	674
1506	676
1506	679
1506	681
1504	684
1504	687
1503	689
1503	691
1503	694
1503	696
1505	699
1505	701
1504	703
1503	706
1502	708
1502	710
1502	713
1501	715
1501	717
1501	720
1503	722
1501	724
1501	728
1501	730
1501	732
1501	735
1501	737
1500	740
1498	742
1499	744
1500	747
1501	749
1503	751
1503	754
1502	756
1502	758
1502	761
1501	763
1499	765
1500	769
1500	771
1500	774
1501	776
1502	778
1503	781
1503	783
1502	785
1501	788
1501	790
1499	792
1499	795
1500	797
1503	799
1504	802
1503	804
1502	806
1502	809
1501	812
1501	815
1500	817
1500	819
1501	822
1501	824
1500	826
1500	829
1500	831
1500	833
1500	836
1499	838
1501	840
1499	843
1498	845
1499	848
1501	850
1500	852
1499	856
1500	858
1500	860
1501	863
1501	865
1501	867
1501	870
1502	872
1501	874
1501	877
1501	879
1501	881
1501	884
1502	886
1502	889
1503	891
1500	893
1500	897
1500	899
1500	901
1502	904
1502	906
1501	908
1501	911
1500	913
1499	915
1499	918
1499	920
1499	923
1500	925
1501	927
1502	930
1501	932
1500	934
1499	937
1498	940
1497	942
1497	945
1498	947
1498	949
1498	952
1499	954
1500	956
1499	959
1498	961
1498	964
1498	966
1497	968
1496	971
1496	973
1496	975
1497	978
1498	980
1498	983
1498	986
1498	988
1498	990
1497	993
1494	995
1493	998
1493	1000
1495	1002
1496	1005
1496	1007
1497	1009
1498	1012
1497	1014
1496	1017
1494	1019
1494	1021
1494	1025
1494	1027
1493	1030
1492	1032
1493	1035
1494	1037
1495	1039
1495	1042
1495	1044
1494	1047
1494	1049
1494	1051
1492	1054
1492	1056
1494	1059
1496	1061
1496	1063
1495	1067
1494	1069
1494	1072
1494	1074
1494	1076
1494	1079
1493	1081
1494	1084
1494	1086
1494	1088
1494	1091
1493	1093
1493	1096
1494	1098
1494	1100
1496	1103
1498	1105
1498	1108
1496	1111
1495	1113
1495	1116
1497	1118
1498	1121
1498	1123
1497	1126
1497	1128
1497	1130
1497	1133
1498	1135
1498	1138
1498	1140
1498	1142
1498	1145
1499	1147
1499	1150
1499	1153
1498	1155
1496	1158
1496	1160
1498	1163
1499	1165
1499	1167
1499	1170
1498	1172
1497	1175
1497	1177
1497	1179
1498	1182
1499	1184
1498	1187
1498	1189
1499	1191
1499	1195
1498	1197
1498	1200
1497	1202
1499	1204
1500	1207
1499	1209
1498	1212
1497	1214
1497	1217
1498	1219
1498	1221
1499	1224
1498	1226
1499	1229
1499	1231
1499	1233
1498	1236
1499	1239
1498	1242
1499	1244
1499	1246
1500	1249
1499	1251
1498	1254
1497	1256
1496	1258
1496	1261
1496	1263
1496	1266
1497	1268
1496	1270
1497	1273
1497	1275
1497	1278
1496	1281
1496	1283
1496	1286
1497	1288
1496	1291
1495	1293
1494	1295
1493	1298
1494	1300
1494	1303
1494	1305
1494	1308
1493	1310
1494	1312
1496	1315
1495	1317
1495	1320
1495	1323
1495	1325
1494	1328
1493	1330
1494	1333
1494	1335
1493	1337
1493	1340
1492	1342
1492	1345
1493	1347
1494	1349
1494	1352
1493	1354
1492	1357
1490	1359
1490	1361
1491	1364
1494	1367
1494	1370
1493	1372
1493	1374
1493	1377
1493	1379
1492	1382
1492	1384
1492	1386
1491	1389
1491	1391
1491	1394
1492	1396
1492	1398
1491	1401
1492	1403
1495	1406
1495	1409
1494	1411
1492	1414
1491	1416
1490	1419
1490	1421
1490	1424
1490	1426
1491	1428
1492	1431
1492	1433
1491	1436
1491	1438
1490	1440
1490	1443
1491	1445
1491	1448
1490	1451
1490	1453
1490	1456
1490	1458
1490	1461
1491	1463
1493	1465
1495	1468
1494	1470
1493	1473
1492	1475
1492	1477
1492	1480
1491	1482
1490	1485
1490	1487
1491	1489
1492	1492
1492	1495
1491	1498
1491	1500
1491	1502
1490	1505
1490	1507
1490	1510
1491	1512
1493	1514
1493	1517
1492	1519
1490	1522
1491	1524
1491	1527
1490	1529
1490	1531
1491	1534
1491	1537
1491	1540
1491	1542
1490	1544
1489	1547
1489	1549
1488	1552
1488	1554
1490	1556
1490	1559
1490	1561
1490	1564
1490	1566
1490	1568
1490	1571
1488	1573
1489	1576
1490	1579
1489	1581
1489	1584
1489	1586
1489	1589
1490	1591
1490	1593
1489	1596
1489	1598
1488	1601
1488	1603
1489	1606
1487	1608
1487	1610
1490	1613
1491	1615
1489	1618
1488	1620
1488	1623
1488	1626
1490	1628
1491	1631
1491	1633
1490	1635
1490	1638
1490	1640
1490	1643
1490	1645
1490	1647
1491	1650
1492	1652
1493	1655
1492	1657
1490	1659
1489	1662
1490	1665
1491	1668
1491	1670
1490	1672
1491	1675
1492	1677
1491	1680
1491	1682
1491	1684
1491	1687
1491	1689
1491	1692
1491	1694
1492	1696
1492	1699
1493	1701
1492	1704
1492	1707
1493	1709
1492	1712
1492	1714
1494	1717
1494	1719
1494	1722
1493	1724
1491	1726
1491	1729
1493	1731
1494	1734
1494	1736
1493	1738
1493	1741
1494	1743
1495	1746
1495	1748
1494	1751
1495	1754
1493	1756
1493	1759
1494	1761
1494	1763
1493	1766
1493	1768
1494	1771
1495	1773
1494	1775
1493	1778
1492	1780
1492	1783
1493	1785
1495	1787
1495	1790
1496	1793
1495	1796
1492	1798
1493	1800
1494	1803
1495	1805
1494	1808
1493	1810
1492	1813
1492	1815
1493	1817
1495	1820
1497	1822
1497	1825
1496	1827
1495	1829
1494	1832
1494	1835
1494	1838
1494	1840
1494	1842
1494	1845
1495	1847
1493	1850
1493	1852
1492	1854
1493	1857
1495	1859
1495	1862
1494	1864
1493	1866
1492	1869
1492	1871
1492	1874
1494	1876
1495	1879
1495	1882
1495	1884
1494	1887
1494	1889
1495	1891
1495	1894
1495	1896
1497	1899
1498	1901
1496	1903
1497	1906
1497	1908
1495	1911
1494	1913
1493	1916
1495	1918
1496	1921
1497	1924
1498	1926
1498	1929
1498	1931
1497	1933
1494	1936
1494	1938
1494	1941
1493	1943
1493	1945
1496	1948
1496	1950
1496	1953
1496	1955
1496	1957
1495	1960
1499	1963
1503	1966
1507	1968
1504	1970
1501	1973
1496	1975
1494	1978
1500	1980
1503	1982
1503	1985
1501	1987
1499	1990
1499	1992
1500	1994
1502	1997
1505	1999
1510	2002
1508	2004
1505	2008
1500	2010
1495	2012
1492	2015
1490	2017
1487	2020
1486	2022
1486	2024
1489	2027
1495	2029
1495	2032
1492	2034
1491	2036
1496	2039
1499	2041
1504	2044
1502	2046
1498	2049
1495	2052
1495	2054
1496	2057
1497	2059
1504	2061
1504	2064
1502	2066
1501	2069
1498	2071
1493	2073
1487	2076
1487	2078
1490	2081
1493	2083
1490	2085
1493	2088
1493	2091
1490	2094
1491	2096
1496	2098
1493	2101
1493	2103
1499	2106
1508	2108
1515	2111
1520	2113
1516	2115
1511	2118
1502	2120
1500	2123
1491	2125
1492	2127
1500	2130
1501	2132
1503	2136
1503	2138
1498	2140
1490	2143
1483	2145
1482	2148
1482	2150
1484	2152
1487	2155
1496	2157
1506	2160
1512	2162
1505	2164
1495	2167
1479	2169
1475	2172
1472	2174
1474	2177
1473	2180
1478	2182
1490	2185
1495	2187
1490	2190
1491	2192
1487	2194
1487	2197
1492	2199
1492	2202
1499	2204
1525	2206
1537	2209
1532	2211
1521	2214
1513	2216
1501	2219
1498	2222
1500	2224
1500	2227
1493	2229
1487	2231
1477	2234
1473	2236
1473	2239
1470	2241
1472	2243
1472	2246
1469	2248
1469	2251
1475	2253
1485	2255
1486	2258
1494	2260
1499	2264
1498	2266
1495	2269
1486	2271
1480	2273
1488	2276
1491	2278
1483	2281
1494	2283
1523	2285
1548	2288
1550	2290
1542	2293
1528	2295
1515	2297
1511	2300
1513	2302
1507	2306
1512	2308
1509	2310
1496	2313
1489	2315
1491	2318
1491	2320
1486	2322
1488	2325
1486	2327
1492	2330
1496	2332
1491	2334
1484	2337
1487	2339
1492	2342
1502	2344
1494	2348
1482	2350
1483	2352
1483	2355
1476	2357
1472	2360
1478	2362
1496	2364
1518	2367
1528	2369
1530	2372
1524	2374
1509	2376
1493	2379
1494	2381
1535	2384
1542	2386
1543	2388
1558	2392
1557	2394
1539	2397
1514	2399
1490	2401
1476	2404
1466	2406
1465	2409
1461	2411
1465	2414
1466	2416
1466	2418
1465	2421
1462	2423
1457	2426
1453	2428
1452	2430
1454	2434
1465	2436
1485	2439
1501	2441
1525	2443
1522	2446
1506	2448
1496	2451
1496	2453
1505	2455
1512	2458
1518	2460
1541	2463
1555	2465
1540	2467
1512	2470
1498	2472
1510	2476
1510	2478
1493	2480
1487	2483
1481	2485
1470	2488
1461	2490
1456	2493
1450	2495
1449	2497
1448	2500
1450	2502
1473	2505
1478	2507
1469	2509
1465	2512
1459	2514
1474	2518
1490	2520
1487	2522
1496	2525
1495	2527
1512	2530
1517	2532
1507	2534
1495	2537
1500	2539
1510	2542
1503	2544
1504	2546
1517	2549
1541	2551
1528	2554
1505	2556
1494	2558
1485	2562
1478	2564
1465	2567
1458	2569
1455	2572
1472	2574
1487	2576
1485	2579
1476	2581
1463	2584
1455	2586
1448	2588
1444	2591
1449	2593
1474	2596
1481	2598
1475	2600
1504	2604
1511	2606
1531	2609
1555	2611
1523	2613
1494	2616
1472	2618
1472	2621
1471	2623
1480	2625
1485	2628
1486	2630
1499	2633
1505	2635
1512	2637
1493	2640
1476	2642
1460	2646
1450	2648
1444	2650
1439	2653
1441	2655
1442	2658
1452	2660
1457	2662
1459	2665
1461	2667
1457	2670
1457	2672
1456	2675
1452	2677
1456	2679
1470	2682
1484	2684
1512	2688
1538	2690
1532	2692
1509	2695
1486	2697
1471	2700
1477	2702
1476	2704
1471	2707
1482	2709
1516	2712
1502	2714
1481	2716
1466	2719
1462	2721
1467	2724
1467	2726
1468	2728
1464	2732
1466	2734
1465	2737
1463	2739
1466	2741
1460	2744
1452	2746
1449	2749
1451	2751
1455	2753
1453	2756
1457	2758
1470	2761
1486	2763
1485	2765
1486	2768
1476	2770
1469	2774
1478	2776
1487	2779
1485	2781
1490	2783
1518	2786
1568	2788
1536	2791
1496	2793
1481	2795
1476	2798
1467	2800
1466	2803
1464	2805
1466	2807
1455	2810
1461	2812
1463	2816
1472	2818
1475	2820
1462	2823
1460	2825
1458	2828
1453	2830
1451	2832
1451	2835
1456	2837
1461	2840
1466	2842
1470	2844
1479	2847
1476	2849
1480	2852
1479	2854
1496	2856
1524	2860
1511	2862
1498	2865
1494	2867
1486	2869
1491	2872
1532	2874
1526	2877
1507	2879
1494	2881
1483	2884
1474	2886
1474	2889
1523	2891
1526	2894
1494	2896
1485	2898
1476	2902
1464	2904
1459	2907
1456	2909
1456	2911
1460	2914
1458	2916
1458	2919
1464	2921
1476	2923
1480	2926
1476	2928
1473	2931
1472	2933
1480	2935
1477	2938
1474	2940
1489	2944
1501	2946
1505	2948
1524	2951
1532	2953
1534	2956
1524	2958
1505	2960
1515	2963
1511	2965
1505	2968
1495	2970
1485	2972
1487	2975
1502	2977
1510	2980
1495	2982
1481	2984
1480	2988
1477	2990
1469	2993
1465	2995
1461	2998
1461	3000
1466	3002
1483	3005
1482	3007
1475	3010
1474	3012
1474	3014
1484	3017
1484	3019
1482	3022
1482	3024
1477	3026
1474	3030
1478	3032
1483	3035
1507	3037
1531	3039
1514	3042
1515	3044
1517	3047
1530	3049
1552	3051
1534	3054
1509	3056
1491	3059
1485	3061
1483	3063
1486	3066
1489	3068
1489	3072
1492	3074
1481	3077
1475	3079
1471	3081
1465	3084
1463	3086
1467	3089
1469	3091
1473	3093
1479	3096
1492	3098
1492	3101
1487	3103
1487	3105
1482	3108
1490	3110
1495	3113
1489	3116
1499	3118
1546	3121
1551	3123
1531	3126
1508	3128
1503	3130
1508	3133
1502	3135
1501	3138
1495	3140
1486	3142
1502	3145
1530	3147
1523	3150
1493	3152
1477	3155
1470	3158
1466	3160
1467	3163
1464	3165
1461	3168
1473	3170
1484	3172
1476	3175
1473	3177
1481	3180
1483	3182
1483	3184
1479	3187
1486	3189
1497	3192
1506	3194
1516	3196
1496	3200
1486	3202
1487	3205
1489	3207
1486	3210
1489	3212
1510	3214
1518	3217
1517	3219
1500	3222
1505	3224
1521	3226
1523	3229
1522	3231
1504	3234
1491	3236
1496	3238
1484	3241
1473	3244
1472	3247
1470	3249
1474	3251
1475	3254
1473	3256
1496	3259
1497	3261
1495	3263
1495	3266
1476	3268
1470	3271
1470	3273
1474	3275
1481	3278
1499	3280
1495	3283
1482	3286
1482	3288
1508	3291
1523	3293
1508	3296
1504	3298
1501	3300
1529	3303
1515	3305
1499	3308
1492	3310
1511	3313
1516	3315
1498	3317
1491	3320
1487	3322
1482	3325
1477	3328
1473	3330
1465	3333
1463	3335
1480	3338
1515	3340
1538	3342
1529	3345
1501	3347
1486	3350
1479	3352
1474	3354
1475	3357
1493	3359
1535	3362
1546	3364
1525	3366
1514	3369
1498	3372
1491	3375
1484	3377
1509	3379
1524	3382
1522	3384
1513	3387
1494	3389
1528	3391
1522	3394
1499	3396
1486	3399
1479	3401
1475	3403
1484	3406
1492	3408
1490	3411
1486	3414
1477	3417
1473	3419
1482	3421
1491	3424
1493	3426
1493	3429
1490	3431
1496	3433
1515	3436
1508	3438
1499	3441
1496	3443
1510	3445
1527	3448
1550	3450
1553	3453
1526	3456
1516	3458
1513	3461
1515	3463
1511	3466
1504	3468
1497	3470
1496	3473
1503	3475
1512	3478
1552	3480
1559	3482
1530	3485
1496	3487
1476	3490
1476	3492
1472	3495
1479	3497
1476	3500
1470	3503
1473	3505
1481	3508
1490	3510
1491	3512
1490	3515
1514	3517
1503	3520
1493	3522
1503	3524
1503	3527
1483	3529
1469	3532
1463	3534
1483	3536
1521	3539
1518	3542
1507	3545
1510	3547
1499	3549
1486	3552
1476	3554
1484	3557
1509	3559
1510	3561
1496	3564
1481	3566
1467	3569
1463	3571
1522	3574
1527	3576
1497	3578
1473	3581
1462	3584
1453	3587
1454	3589
1456	3591
1464	3594
1462	3596
1467	3599
1463	3601
1472	3603
1515	3606
1524	3608
1508	3611
1492	3613
1479	3615
1494	3618
1489	3620
1485	3623
1479	3625
1506	3628
1546	3631
1552	3633
1543	3636
1522	3638
1506	3640
1493	3643
1510	3645
1507	3648
1489	3650
1479	3653
1477	3655
1480	3657
1473	3660
1470	3662
1470	3665
1471	3667
1491	3670
1496	3673
1485	3675
1477	3678
1479	3680
1483	3682
1480	3685
1493	3687
1499	3690
1491	3692
1498	3694
1499	3697
1496	3699
1510	3702
1501	3704
1496	3706
1505	3709
1513	3712
1505	3715
1495	3717
1497	3719
1494	3722
1496	3724
1522	3727
1516	3729
1502	3732
1492	3734
1479	3736
1472	3739
1475	3741
1477	3744
1475	3746
1484	3748
1481	3751
1475	3753
1476	3757
1472	3759
1486	3761
1511	3764
1506	3766
1491	3769
1484	3771
1480	3773
1482	3776
1492	3778
1499	3781
1505	3783
1502	3785
1504	3788
1501	3790
1496	3793
1500	3795
1516	3798
1504	3801
1500	3803
1539	3806
1559	3808
1546	3811
1526	3813
1507	3815
1501	3818
1503	3820
1524	3823
1537	3825
1520	3827
1505	3830
1488	3832
1486	3835
1484	3837
1477	3840
1470	3843
1463	3845
1465	3848
1467	3850
1463	3852
1463	3855
1471	3857
1496	3860
1497	3862
1489	3864
1483	3867
1483	3869
1492	3872
1498	3874
1567	3876
1563	3879
1527	3881
1507	3885
1502	3887
1499	3890
1492	3892
1484	3894
1484	3897
1487	3899
1502	3902
1505	3904
1501	3906
1500	3909
1508	3911
1511	3914
1520	3916
1501	3918
1492	3921
1496	3923
1494	3927
1479	3929
1471	3931
1467	3934
1470	3936
1474	3939
1478	3941
1478	3943
1483	3946
1501	3948
1522	3951
1512	3953
1503	3955
1498	3958
1504	3960
1509	3963
1501	3965
1500	3968
1502	3971
1502	3973
1538	3976
1546	3978
1525	3981
1502	3983
1491	3985
1500	3988
1522	3990
1542	3993
1553	3995
1536	3997
1512	4000
1498	4002
1487	4005
1497	4007
1493	4009
1485	4013
1490	4015
1484	4018
1478	4020
1472	4022
1470	4025
1472	4027
1477	4030
1488	4032
1493	4034
1489	4037
1490	4039
1507	4042
1519	4044
1512	4046
1508	4049
1507	4051
1516	4055
1514	4057
1508	4060
1506	4062
1515	4064
1510	4067
1499	4069
1487	4072
1485	4074
1498	4076
1495	4079
1484	4081
1495	4084
1488	4086
1479	4088
1485	4091
1491	4093
1481	4097
1472	4099
1469	4101
1465	4104
1465	4106
1467	4109
1480	4111
1491	4113
1491	4116
1483	4118
1486	4121
1519	4123
1515	4125
1500	4128
1501	4130
1516	4133
1511	4135
1500	4137
1488	4141
1481	4143
1477	4146
1474	4148
1473	4151
1488	4153
1512	4155
1515	4158
1527	4160
1518	4163
1500	4165
1484	4167
1481	4170
1489	4172
1491	4175
1484	4177
1476	4179
1476	4183
1480	4185
1484	4188
1493	4190
1488	4192
1483	4195
1491	4197
1488	4200
1482	4202
1480	4204
1480	4207
1478	4209
1480	4212
1492	4214
1498	4216
1502	4219
1485	4221
1474	4225
1472	4227
1480	4229
1505	4232
1526	4234
1512	4237
1513	4239
1500	4241
1487	4244
1480	4246
1476	4249
1474	4251
1474	4254
1483	4256
1479	4258
1480	4261
1479	4263
1502	4267
1525	4269
1523	4271
1507	4274
1501	4276
1495	4279
1488	4281
1481	4283
1476	4286
1476	4288
1475	4291
1479	4293
1479	4295
1484	4298
1499	4300
1498	4303
1506	4305
1504	4307
1500	4311
1489	4313
1483	4316
1480	4318
1490	4320
1493	4323
1518	4325
1520	4328
1505	4330
1518	4332
1532	4335
1515	4337
1510	4340
1507	4342
1494	4345
1483	4347
1477	4349
1478	4353
1488	4355
1480	4358
1488	4360
1501	4362
1495	4365
1492	4367
1487	4370
1486	4372
1485	4374
1479	4377
1476	4379
1478	4382
1480	4384
1490	4386
1496	4389
1490	4391
1485	4395
1479	4397
1474	4399
1473	4402
1482	4404
1499	4407
1495	4409
1484	4411
1485	4414
1488	4416
1515	4419
1547	4421
1543	4424
1523	4426
1504	4428
1494	4431
1487	4433
1501	4436
1511	4439
1504	4441
1494	4444
1493	4446
1491	4449
1485	4451
1480	4453
1474	4456
1474	4458
1479	4461
1480	4463
1482	4465
1485	4468
1487	4470
1488	4473
1483	4475
1478	4477
1501	4481
1502	4483
1501	4486
1496	4488
1494	4490
1496	4493
1506	4495
1524	4498
1519	4500
1504	4503
1498	4505
1508	4507
1509	4510
1539	4512
1536	4515
1506	4517
1493	4519
1500	4523
1509	4525
1501	4528
1488	4530
1491	4532
1493	4535
1490	4537
1497	4540
1514	4542
1506	4544
1489	4547
1476	4549
1470	4552
1464	4554
1467	4556
1491	4559
1491	4561
1483	4564
1481	4567
1494	4569
1485	4572
1473	4574
1471	4577
1471	4579
1504	4582
1511	4584
1501	4586
1517	4589
1528	4591
1535	4594
1518	4596
1494	4598
1500	4601
1502	4603
1488	4606
1490	4609
1510	4611
1507	4614
1492	4616
1506	4619
1545	4621
1531	4623
1523	4626
1508	4628
1492	4631
1483	4633
1472	4635
1474	4638
1480	4640
1472	4643
1466	4645
1470	4647
1473	4651
1468	4653
1464	4656
1486	4658
1491	4661
1490	4663
1500	4665
1502	4668
1499	4670
1500	4673
1497	4675
1493	4677
1497	4680
1497	4682
1495	4685
1487	4687
1479	4689
1490	4692
1541	4695
1562	4698
1542	4700
1521	4702
1500	4705
1476	4707
1468	4710
1475	4712
1478	4714
1485	4717
1496	4719
1497	4722
1496	4724
1508	4726
1500	4729
1481	4731
1480	4734
1477	4737
1474	4740
1474	4742
1476	4744
1492	4747
1508	4749
1501	4752
1497	4754
1487	4756
1500	4759
1517	4761
1503	4764
1488	4766
1485	4768
1493	4771
1495	4773
1504	4776
1504	4779
1494	4781
1482	4784
1500	4786
1511	4789
1494	4791
1484	4793
1478	4796
1482	4798
1498	4801
1492	4803
1493	4806
1512	4808
1514	4810
1502	4813
1504	4815
1507	4818
1502	4820
1518	4823
1509	4826
1505	4828
1513	4831
1492	4833
1480	4835
1492	4838
1499	4840
1500	4843
1490	4845
1476	4847
1465	4850
1462	4852
1470	4855
1508	4857
1521	4859
1500	4862
1484	4865
1478	4868
1477	4870
1483	4872
1489	4875
1500	4877
1501	4880
1502	4882
1497	4885
1484	4887
1480	4889
1484	4892
1488	4894
1492	4897
1492	4899
1493	4901
1490	4904
1491	4907
1492	4910
1491	4912
1497	4914
1507	4917
1511	4919
1551	4922
1560	4924
1526	4926
1503	4929
1489	4931
1489	4934
1494	4936
1492	4938
1491	4941
1510	4943
1522	4946
1515	4948
1499	4951
1491	4954
1493	4956
1502	4959
1503	4961
1497	4964
1491	4966
1494	4968
1509	4971
1503	4973
1493	4976
1485	4978
1483	4980
1479	4983
1476	4985
1474	4988
1476	4990
1491	4993
1501	4996
1504	4998
1508	5001
1502	5003
1499	5005
1500	5008
1516	5010
1521	5013
1505	5015
1492	5017
1503	5020
1494	5022
1487	5025
1498	5027
1507	5030
1502	5032
1498	5035
1500	5038
1501	5040
1496	5043
1494	5045
1497	5047
1495	5050
1490	5052
1486	5055
1480	5057
1476	5059
1475	5062
1481	5064
1485	5067
1481	5069
1480	5071
1479	5074
1494	5076
1499	5080
1499	5082
1490	5084
1491	5087
1507	5089
1512	5092
1514	5094
1510	5097
1509	5099
1508	5101
1501	5104
1508	5106
1521	5109
1513	5111
1506	5113
1507	5116
1507	5118
1508	5122
1507	5124
1494	5126
1491	5129
1492	5131
1487	5134
1480	5136
1480	5138
1482	5141
1482	5143
1482	5146
1487	5148
1487	5150
1488	5153
1488	5155
1485	5158
1480	5160
1480	5163
1480	5166
1487	5168
1494	5171
1494	5173
1502	5175
1498	5178
1496	5180
1508	5183
1507	5185
1508	5188
1508	5190
1500	5192
1498	5195
1493	5197
1492	5200
1507	5202
1510	5204
1500	5208
1496	5210
1490	5213
1491	5215
1498	5217
1521	5220
1524	5222
1517	5225
1515	5227
1510	5229
1503	5232
1493	5234
1481	5237
1476	5239
1477	5241
1479	5244
1487	5246
1492	5250
1502	5252
1495	5254
1500	5257
1502	5259
1492	5262
1504	5264
1513	5266
1521	5269
1521	5271
1506	5274
1500	5276
1503	5279
1504	5281
1501	5283
1491	5286
1489	5288
1491	5292
1503	5294
1496	5296
1498	5299
1508	5301
1505	5304
1499	5306
1494	5308
1494	5311
1502	5313
1502	5316
1499	5318
1489	5320
1485	5323
1493	5325
1499	5328
1501	5330
1503	5332
1494	5336
1491	5338
1489	5341
1490	5343
1489	5345
1501	5348
1502	5350
1493	5353
1503	5355
1503	5357
1494	5360
1499	5362
1497	5365
1486	5367
1483	5370
1496	5372
1498	5374
1488	5378
1482	5380
1480	5383
1478	5385
1482	5387
1491	5390
1492	5392
1495	5395
1497	5397
1496	5399
1496	5402
1495	5404
1487	5407
1485	5409
1489	5411
1500	5414
1514	5416
1519	5420
1518	5422
1508	5424
1497	5427
1495	5429
1506	5432
1510	5434
1502	5436
1496	5439
1495	5441
1492	5444
1487	5446
1490	5449
1489	5451
1495	5453
1500	5456
1511	5458
1515	5462
1509	5464
1509	5466
1506	5469
1498	5471
1508	5474
1507	5476
1494	5478
1493	5481
1499	5483
1501	5486
1498	5488
1491	5490
1483	5493
1485	5495
1499	5498
1509	5500
1508	5502
1505	5506
1500	5508
1500	5511
1499	5513
1502	5515
1509	5518
1511	5520
1515	5523
1514	5525
1503	5528
1506	5530
1516	5532
1500	5535
1493	5537
1493	5540
1500	5542
1498	5544
1492	5548
1488	5550
1490	5553
1515	5555
1524	5557
1514	5560
1502	5562
1501	5565
1498	5567
1489	5569
1479	5572
1479	5574
1480	5577
1488	5579
1499	5581
1504	5584
1496	5586
1487	5590
1491	5592
1503	5595
1498	5597
1495	5599
1490	5602
1482	5604
1485	5607
1496	5609
1496	5611
1489	5614
1487	5616
1488	5619
1482	5621
1479	5623
1490	5626
1493	5628
1487	5632
1504	5634
1513	5636
1494	5639
1485	5641
1485	5644
1482	5646
1482	5648
1493	5651
1490	5653
1485	5656
1482	5658
1483	5660
1478	5663
1472	5665
1480	5668
1487	5670
1483	5673
1482	5676
1476	5678
1475	5681
1495	5683
1488	5686
1478	5688
1476	5690
1481	5693
1482	5695
1475	5698
1471	5700
1470	5702
1473	5705
1481	5707
1482	5710
1481	5712
1474	5714
1472	5718
1477	5720
1475	5723
1473	5725
1492	5727
1496	5730
1490	5732
1516	5735
1515	5737
1495	5740
1493	5742
1488	5744
1480	5747
1477	5749
1473	5752
1473	5754
1486	5756
1486	5760
1481	5762
1479	5765
1489	5767
1495	5769
1479	5772
1470	5774
1470	5777
1466	5779
1469	5781
1478	5784
1470	5786
1477	5789
1482	5791
1478	5793
1475	5796
1473	5798
1492	5801
1510	5804
1514	5806
1503	5809
1482	5811
1465	5814
1457	5816
1467	5818
1469	5821
1486	5823
1490	5826
1489	5828
1484	5831
1473	5833
1463	5835
1459	5838
1463	5840
1487	5843
1507	5846
1497	5848
1487	5851
1474	5853
1463	5856
1464	5858
1475	5860
1483	5863
1486	5865
1491	5868
1494	5870
1489	5872
1491	5875
1482	5877
1472	5880
1474	5882
1481	5884
1484	5888
1479	5890
1472	5893
1466	5895
1465	5898
1473	5900
1478	5902
1489	5905
1499	5907
1491	5910
1485	5912
1473	5914
1477	5917
1483	5919
1487	5922
1491	5924
1491	5926
1482	5929
1472	5932
1472	5935
1475	5937
1472	5939
1467	5942
1470	5944
1480	5947
1474	5949
1465	5951
1461	5954
1458	5956
1468	5959
1475	5961
1472	5964
1476	5966
1507	5968
1511	5971
1499	5974
1487	5977
1478	5979
1471	5981
1466	5984
1467	5986
1471	5989
1486	5991
1507	5993
1500	5996
1482	5998
1476	6001
1522	6003
1541	6005
1509	6008
1483	6010
1469	6013
1461	6016
1469	6018
1477	6021
1488	6023
1474	6026
1464	6028
1465	6030
1465	6033
1467	6035
1463	6038
1453	6040
1447	6043
1451	6045
1475	6047
1474	6050
1478	6052
1479	6055
1493	6057
1497	6060
1481	6063
1475	6065
1469	6068
1461	6070
1479	6072
1490	6075
1494	6077
1514	6080
1524	6082
1511	6084
1499	6087
1493	6089
1479	6092
1463	6094
1479	6096
1484	6099
1470	6102
1467	6105
1477	6107
1485	6109
1521	6112
1508	6114
1477	6117
1455	6119
1445	6122
1442	6124
1437	6126
1432	6129
1429	6131
1428	6134
1434	6136
1437	6138
1444	6141
1451	6144
1480	6147
1526	6149
1540	6151
1527	6154
1508	6156
1496	6159
1508	6161
1550	6163
1537	6166
1505	6168
1572	6171
1592	6173
1559	6175
1528	6178
1499	6180
1474	6183
1479	6185
1467	6189
1452	6191
1463	6193
1481	6196
1490	6198
1500	6201
1476	6203
1456	6205
1451	6208
1449	6210
1444	6213
1473	6215
1479	6217
1476	6220
1467	6222
1454	6225
1457	6227
1491	6230
1516	6233
1525	6235
1498	6238
1468	6240
1453	6242
1456	6245
1493	6247
1486	6250
1462	6252
1445	6255
1435	6257
1440	6259
1454	6262
1458	6264
1452	6267
1441	6269
1466	6272
1485	6275
1499	6277
1501	6280
1513	6282
1515	6284
1483	6287
1460	6289
1444	6292
1436	6294
1440	6296
1470	6299
1542	6301
1509	6304
1468	6306
1442	6308
1435	6311
1427	6313
1429	6317
1480	6319
1501	6321
1471	6324
1448	6326
1437	6329
1427	6331
1441	6334
1463	6336
1485	6338
1525	6341
1497	6343
1459	6346
1440	6348
1441	6350
1444	6353
1462	6355
1469	6359
1485	6361
1465	6363
1447	6366
1451	6368
1463	6371
1453	6373
1443	6375
1451	6378
1438	6380
1429	6383
1427	6385
1433	6387
1462	6390
1499	6392
1490	6395
1488	6397
1475	6401
1469	6403
1457	6405
1465	6408
1460	6410
1449	6413
1444	6415
1444	6417
1466	6420
1472	6422
1471	6425
1498	6427
1497	6429
1465	6432
1488	6434
1493	6437
1465	6439
1446	6441
1432	6445
1428	6447
1429	6450
1472	6452
1476	6454
1459	6457
1440	6459
1425	6462
1420	6464
1422	6466
1431	6469
1437	6471
1461	6474
1501	6476
1539	6478
1496	6481
1476	6483
1478	6487
1465	6489
1466	6491
1464	6494
1451	6496
1446	6499
1460	6501
1480	6504
1483	6506
1488	6508
1472	6511
1456	6513
1456	6516
1450	6518
1444	6520
1456	6523
1493	6525
1504	6529
1489	6531
1478	6533
1482	6536
1477	6538
1459	6541
1451	6543
1451	6545
1464	6548
1499	6550
1506	6553
1501	6555
1486	6557
1498	6560
1528	6562
1518	6565
1505	6567
1497	6569
1483	6573
1476	6575
1512	6578
1498	6580
1470	6582
1458	6585
1451	6587
1460	6590
1475	6592
1481	6595
1467	6597
1458	6599
1456	6602
1473	6604
1488	6607
1497	6609
1498	6611
1491	6615
1477	6617
1471	6620
1469	6622
1469	6624
1473	6627
1476	6629
1481	6632
1497	6634
1495	6636
1504	6639
1509	6641
1525	6644
1523	6646
1512	6648
1506	6651
1505	6653
1512	6657
1521	6659
1511	6661
1493	6664
1480	6666
1475	6669
1481	6671
1485	6673
1499	6676
1502	6678
1500	6681
1504	6683
1507	6686
1505	6688
1507	6690
1518	6693
1503	6695
1492	6699
1487	6701
1483	6703
1484	6706
1499	6708
1528	6711
1517	6713
1506	6715
1508	6718
1520	6720
1514	6723
1503	6725
1501	6727
1497	6730
1489	6732
1493	6735
1491	6737
1492	6739
1505	6743
1506	6745
1500	6748
1497	6750
1493	6753
1488	6755
1505	6757
1523	6760
1504	6762
1500	6765
1498	6767
1506	6769
1505	6772
1489	6774
1484	6777
1479	6779
1469	6781
1474	6785
1470	6787
1467	6790
1477	6792
1480	6794
1473	6797
1479	6799
1487	6802
1487	6804
1479	6806
1476	6809
1478	6811
1478	6814
1477	6816
1474	6818
1474	6821
1507	6823
1537	6827
1522	6829
1524	6832
1517	6834
1501	6836
1483	6839
1494	6841
1481	6844
1470	6846
1474	6848
1472	6851
1468	6853
1464	6856
1463	6858
1461	6860
1464	6863
1473	6865
1483	6868
1477	6871
1470	6873
1471	6876
1466	6878
1463	6881
1468	6883
1473	6885
1469	6888
1483	6890
1491	6893
1485	6895
1481	6897
1478	6900
1482	6902
1497	6905
1499	6907
1490	6910
1482	6913
1496	6915
1559	6918
1557	6920
1520	6923
1495	6925
1488	6927
1475	6930
1474	6932
1470	6935
1470	6937
1480	6939
1489	6942
1480	6944
1479	6947
1479	6949
1470	6951
1464	6955
1462	6957
1460	6960
1459	6962
1457	6964
1467	6967
1488	6969
1484	6972
1475	6974
1476	6976
1480	6979
1489	6981
1493	6984
1506	6986
1515	6989
1519	6991
1502	6993
1495	6996
1494	6999
1507	7002
1517	7004
1508	7006
1503	7009
1525	7011
1534	7014
1514	7016
1500	7018
1497	7021
1499	7023
1489	7026
1483	7028
1478	7030
1476	7033
1473	7035
1468	7038
1477	7041
1495	7043
1499	7046
1492	7048
1484	7051
1489	7053
1498	7056
1490	7058
1484	7060
1478	7063
1475	7065
1481	7068
1491	7070
1509	7072
1525	7075
1511	7077
1501	7080
1516	7083
1506	7085
1502	7088
1508	7090
1516	7093
1523	7095
1535	7097
1541	7100
1534	7102
1520	7105
1497	7107
1481	7109
1492	7112
1523	7114
1524	7117
1518	7119
1507	7122
1492	7124
1479	7127
1470	7130
1467	7132
1475	7135
1478	7137
1473	7139
1472	7142
1473	7144
1475	7147
1476	7149
1475	7151
1473	7154
1481	7156
1492	7159
1498	7161
1498	7163
1508	7166
1532	7169
1542	7172
1536	7174
1533	7176
1519	7179
1508	7181
1497	7184
1496	7186
1510	7188
1507	7191
1506	7193
1513	7196
1506	7198
1505	7201
1512	7203
1513	7205
1520	7208
1516	7211
1507	7214
1500	7216
1498	7218
1489	7221
1486	7223
1505	7226
1514	7228
1510	7230
1508	7233
1509	7235
1515	7238
1507	7240
1495	7242
1488	7245
1488	7247
1492	7250
1495	7252
1492	7255
1491	7258
1502	7260
1509	7263
1505	7265
1501	7267
1504	7270
1514	7272
1507	7275
1500	7277
1494	7280
1495	7282
1517	7284
1522	7287
1534	7289
1572	7292
1559	7294
1538	7297
1517	7300
1502	7302
1496	7305
1498	7307
1511	7309
1529	7312
1523	7314
1512	7317
1510	7319
1522	7321
1526	7324
1514	7326
1505	7329
1510	7331
1515	7334
1508	7336
1499	7339
1494	7342
1491	7344
1495	7347
1500	7349
1503	7351
1504	7354
1513	7356
1514	7359
1555	7361
1559	7363
1535	7366
1513	7368
1502	7371
1491	7373
1488	7375
1495	7378
1502	7380
1502	7384
1511	7386
1512	7388
1506	7391
1500	7393
1497	7396
1523	7398
1553	7401
1536	7403
1512	7405
1498	7408
1489	7410
1487	7413
1490	7415
1494	7417
1498	7420
1498	7422
1513	7426
1517	7428
1516	7430
1510	7433
1505	7435
1497	7438
1492	7440
1489	7442
1489	7445
1491	7447
1492	7450
1492	7452
1500	7454
1507	7457
1506	7459
1500	7462
1494	7464
1492	7468
1490	7470
1490	7472
1498	7475
1502	7477
1499	7480
1497	7482
1494	7484
1504	7487
1522	7489
1515	7492
1504	7494
1498	7496
1494	7499
1491	7501
1504	7504
1509	7506
1506	7508
1500	7512
1494	7514
1492	7517
1490	7519
1489	7521
1488	7524
1486	7526
1487	7529
1490	7531
1489	7534
1487	7536
1487	7538
1487	7541
1487	7543
1487	7546
1487	7548
1488	7550
1488	7554
1490	7556
1496	7559
1499	7561
1498	7563
1500	7566
1501	7568
1503	7571
1504	7573
1512	7575
1512	7578
1506	7580
1502	7583
1502	7585
1505	7587
1501	7590
1495	7592
1493	7596
1493	7598
1493	7601
1493	7603
1492	7605
1491	7608
1490	7610
1489	7613
1489	7615
1488	7617
1488	7620
1488	7622
1488	7625
1489	7627
1489	7629
1489	7632
1490	7634
1492	7638
1491	7640
1495	7642
1502	7645
1504	7647
1501	7650
1496	7652
1497	7654
1506	7657
1505	7659
1502	7662
1499	7664
1498	7667
1498	7669
1497	7671
1501	7674
1500	7676
1497	7680
1496	7682
1495	7684
1495	7687
1495	7689
1494	7692
1495	7694
1495	7696
1495	7699
1495	7701
1497	7704
1499	7706
1497	7708
1497	7711
1497	7713
1497	7716
1498	7718
1498	7720
1497	7724
1497	7726
1499	7729
1504	7731
1506	7733
1505	7736
1504	7738
1503	7741
1502	7743
1505	7746
1508	7748
1509	7750
1507	7753
1502	7755
1499	7758
1498	7760
1497	7762
1496	7766
1496	7768
1496	7771
1497	7773
1497	7775
1495	7778
1494	7780
1494	7783
1492	7785
1491	7787
1491	7790
1489	7792
1488	7795
1487	7797
1486	7799
1485	7802
1484	7804
1484	7808
1486	7810
1486	7812
1484	7815
1482	7817
1479	7820
1479	7822
1476	7825
1475	7827
1473	7829
1471	7832
1469	7834
1468	7837
1467	7839
1468	7841
1467	7844
1465	7846
1465	7849
1464	7852
1462	7854
1459	7857
1457	7859
1457	7862
1456	7864
1454	7866
1453	7869
1452	7871
1451	7874
1450	7876
1448	7878
1448	7881
1447	7883
1446	7886
1445	7888
1445	7890
1444	7894
1443	7896
1443	7899
1444	7901
1451	7904
1452	7906
1448	7908
1444	7911
1440	7913
1438	7916
1437	7918
1436	7920
1436	7923
1439	7925
1440	7928
1438	7930
1435	7932
1434	7936
1434	7938
1433	7941
1432	7943
1432	7945
1432	7948
1431	7950
1431	7953
1431	7955
1431	7957
1431	7960
1432	7962
1432	7965
1432	7967
1433	7970
1435	7972
1436	7974
1436	7977
1436	7980
1435	7983
1438	7985
1442	7987
1443	7990
1442	7992
1443	7995
1443	7997
1442	7999
1444	8002
1445	8004
1446	8007
1445	8009
1446	8011
1446	8014
1447	8016
1448	8019
1449	8022
1450	8024
1451	8027
1452	8029
1453	8032
1454	8034
1455	8036
1457	8039
1458	8041
1459	8044
1460	8046
1463	8049
1467	8051
1469	8053
1469	8056
1469	8058
1468	8061
1468	8064
1468	8066
1469	8069
1470	8071
1471	8074
1472	8076
1474	8078
1477	8081
1481	8083
1483	8086
1485	8088
1485	8090
1484	8093
1483	8095
1484	8098
1485	8100
1485	8102
1486	8105
1487	8108
1488	8111
1489	8113
1491	8115
1492	8118
1492	8120
1492	8123
1493	8125
1493	8127
1497	8130
1498	8132
1497	8135
1497	8137
1498	8139
1498	8142
1498	8144
1499	8147
1500	8150
1501	8153
1501	8155
1501	8157
1501	8160
1501	8162
1502	8165
1503	8167
1503	8169
1503	8172
1506	8174
1508	8177
1509	8179
1509	8181
1509	8184
1509	8186
1509	8189
1509	8192
1510	8194
1510	8197
1510	8199
1510	8202
1510	8204
1510	8206
1509	8209
1509	8211
1509	8214
1509	8216
1509	8218
1508	8221
1508	8223
1509	8226
1509	8228
1509	8231
1509	8233
1508	8236
1509	8239
1508	8241
1510	8244
1511	8246
1511	8248
1510	8251
1509	8253
1509	8256
1510	8258
1514	8260
1516	8263
1515	8265
1515	8268
1515	8270
1514	8272
1514	8275
1513	8278
1513	8281
1513	8283
1513	8285
1513	8288
1516	8290
1517	8293
1515	8295
1513	8298
1512	8300
1511	8302
1510	8305
1510	8307
1510	8310
1510	8312
1509	8314
1509	8317
1509	8320
1509	8323
1509	8325
1509	8327
1509	8330
1509	8332
1509	8335
1509	8337
1508	8339
1509	8342
1511	8344
1512	8347
1512	8349
1511	8351
1512	8354
1513	8356
1511	8359
1511	8361
1511	8365
1510	8367
1510	8369
1510	8372
1509	8374
1508	8377
1507	8379
1506	8381
1505	8384
1505	8386
1504	8389
1503	8391
1503	8393
1502	8396
1503	8398
1503	8401
1502	8403
1501	8406
1500	8409
1499	8411
1498	8414
1498	8416
1497	8418
1497	8421
1497	8423
1497	8426
1498	8428
1497	8430
1497	8433
1497	8435
1497	8438
1497	8440
1497	8443
1497	8445
1496	8448
1496	8451
1497	8453
1499	8456
1501	8458
1500	8460
1498	8463
1496	8465
1494	8468
1493	8470
1492	8472
1491	8475
1490	8477
1490	8480
1490	8482
1489	8484
1490	8487
1490	8489
1490	8493
1489	8495
1489	8497
1489	8500
1489	8502
1489	8505
1489	8507
1489	8509
1488	8512
1488	8514
1488	8517
1488	8519
1488	8521
1489	8524
1489	8526
1489	8529
1489	8531
1488	8535
1489	8537
1489	8539
1488	8542
1487	8544
1487	8547
1487	8549
1488	8551
1488	8554
1488	8556
1489	8559
1488	8561
1488	8563
1487	8566
1485	8568
1485	8571
1485	8573
1486	8576
1489	8579
1491	8581
1489	8584
1488	8586
1488	8588
1488	8591
1489	8593
1490	8596
1489	8598
1489	8600
1488	8603
1488	8605
1488	8608
1488	8610
1489	8613
1489	8615
1489	8617
1488	8621
1488	8623
1487	8626
1488	8628
1489	8630
1489	8633
1489	8635
1490	8638
1490	8640
1490	8642
1489	8645
1489	8647
1488	8650
1488	8652
1488	8654
1488	8657
1487	8659
1487	8663
1488	8665
1490	8667
1489	8670
1490	8672
1491	8675
1490	8677
1489	8680
1489	8682
1488	8684
1488	8687
1488	8689
1488	8692
1488	8694
1490	8696
1490	8699
1488	8701
1488	8705
1490	8707
1491	8709
1490	8712
1488	8714
1486	8717
1485	8719
1485	8721
1484	8724
1484	8726
1485	8729
1484	8731
1484	8733
1483	8736
1484	8738
1484	8741
1483	8743
1482	8745
1481	8749
1481	8751
1482	8754
1483	8756
1481	8759
1480	8761
1479	8763
1479	8766
1479	8768
1478	8771
1478	8773
1478	8775
1477	8778
1477	8780
1476	8783
1475	8785
1476	8787
1477	8791
1475	8793
1474	8796
1473	8798
1473	8800
1473	8803
1472	8805
1471	8808
1470	8810
1469	8812
1469	8815
1469	8817
1469	8820
1468	8822
1468	8824
1468	8827
1467	8829
1467	8833
1466	8835
1467	8838
1469	8840
1470	8842
1469	8845
1467	8847
1467	8850
1465	8852
1463	8854
1463	8857
1463	8859
1463	8862
1462	8864
1461	8866
1460	8869
1459	8871
1458	8875
1457	8877
1457	8879
1457	8882
1456	8884
1455	8887
1454	8889
1453	8891
1452	8894
1451	8896
1451	8899
1450	8901
1449	8904
1448	8906
1448	8908
1446	8911
1445	8913
1445	8916
1445	8919
1445	8921
1444	8924
1444	8926
1443	8929
1442	8931
1440	8933
1440	8936
1441	8938
1440	8941
1438	8943
1437	8945
1435	8948
1434	8950
1433	8953
1432	8955
1432	8957
1431	8961
1431	8963
1431	8966
1431	8968
1430	8970
1429	8973
1429	8975
1428	8978
1427	8980
1427	8983
1427	8985
1427	8987
1427	8990
1426	8992
1426	8995
1427	8997
1428	8999
1428	9003
1428	9005
1428	9008
1428	9010
1429	9012
1429	9015
1429	9017
1429	9020
1430	9022
1429	9024
1429	9027
1428	9029
1428	9032
1427	9034
1427	9036
1427	9039
1427	9041
1430	9044
1431	9047
1429	9050
1429	9052
1429	9054
1428	9057
1429	9059
1429	9062
1429	9064
1429	9066
1429	9069
1430	9071
1430	9074
1430	9076
1430	9078
1429	9081
1428	9083
1429	9086
1433	9089
1434	9091
1434	9094
1433	9096
1433	9099
1433	9101
1433	9103
1434	9106
1434	9108
1434	9111
1435	9113
1436	9116
1437	9118
1438	9120
1439	9123
1439	9125
1439	9128
1440	9131
1441	9133
1441	9136
1441	9138
1442	9141
1442	9143
1443	9145
1444	9148
1444	9150
1444	9153
1445	9155
1445	9157
1444	9160
1443	9162
1443	9165
1443	9167
1444	9169
1444	9172
1444	9175
1445	9178
1446	9180
1447	9183
1447	9185
1448	9187
1448	9190
1448	9192
1448	9195
1449	9197
1450	9199
1450	9202
1451	9204
1451	9207
1451	9209
1451	9211
1452	9214
1452	9217
1453	9220
1454	9222
1453	9224
1454	9227
1454	9229
1455	9232
1455	9234
1456	9236
1456	9239
1456	9241
1457	9244
1458	9246
1459	9248
1461	9251
1461	9253
1461	9256
1461	9259
1461	9262
1461	9264
1461	9266
1462	9269
1462	9271
1463	9274
1463	9276
1463	9278
1464	9281
1463	9283
1463	9286
1465	9288
1465	9290
1466	9293
1466	9295
1465	9298
1465	9300
1466	9303
1466	9306
1467	9308
1467	9311
1467	9313
1468	9315
1468	9318
1469	9320
1469	9323
1468	9325
1468	9327
1468	9330
1468	9332
1468	9335
1468	9337
1469	9340
1470	9342
1471	9345
1471	9348
1471	9350
1472	9353
1472	9355
1473	9357
1473	9360
1473	9362
1473	9365
1473	9367
1473	9369
1473	9372
1474	9374
1476	9377
1475	9379
1475	9381
1475	9384
1475	9387
1476	9390
1476	9392
1476	9394
1476	9397
1477	9399
1477	9402
1478	9404
1478	9407
1479	9409
1479	9411
1479	9414
1480	9416
1480	9419
1481	9421
1481	9423
1482	9426
1482	9428
1482	9432
1483	9434
1483	9436
1484	9439
1485	9441
1486	9444
1488	9446
1489	9448
1489	9451
1490	9453
1491	9456
1491	9458
1491	9460
1492	9463
1493	9465
1495	9468
1496	9470
1497	9474
1498	9476
1499	9478
1499	9481
1500	9483
1500	9486
1501	9488
1502	9490
1503	9493
1504	9495
1505	9498
1506	9500
1505	9502
1506	9505
1506	9507
1507	9510
1507	9512
1507	9515
1508	9518
1509	9520
1510	9523
1510	9525
1511	9527
1512	9530
1512	9532
1514	9535
1515	9537
1515	9540
1516	9542
1517	9544
1519	9547
1520	9549
1520	9552
1522	9554
1525	9556
1527	9560
1528	9562
1529	9565
1529	9567
1530	9569
1531	9572
1532	9574
1532	9577
1533	9579
1534	9581
1534	9584
1535	9586
1536	9589
1537	9591
1537	9593
1538	9596
1539	9598
1540	9602
1541	9604
1541	9607
1542	9609
1542	9611
1543	9614
1543	9616
1543	9619
1543	9621
1543	9623
1545	9626
1547	9628
1547	9631
1547	9633
1547	9635
1547	9638
1547	9640
1547	9644
1548	9646
1548	9648
1548	9651
1549	9653
1550	9656
1551	9658
1552	9660
1552	9663
1553	9665
1553	9668
1554	9670
1554	9672
1555	9675
1556	9677
1557	9680
1558	9682
1559	9686
1560	9688
1561	9690
1561	9693
1563	9695
1563	9698
1564	9700
1565	9702
1565	9705
1566	9707
1567	9710
1568	9712
1569	9714
1569	9717
1570	9719
1572	9722
1572	9724
1573	9726
1575	9730
1576	9732
1576	9735
1576	9737
1576	9740
1576	9742
1576	9744
1576	9747
1576	9749
1576	9752
1577	9754
1578	9756
1578	9759
1578	9761
1578	9764
1578	9766
1579	9768
1579	9772
1580	9774
1580	9777
1581	9779
1582	9781
1582	9784
1583	9786
1583	9789
1583	9791
1584	9793
1583	9796
1584	9798
1585	9801
1586	9803
1586	9806
1587	9808
1587	9810
1588	9814
1589	9816
1592	9819
1593	9821
1594	9823
1594	9826
1594	9828
1594	9831
1594	9833
1595	9835
1596	9838
1597	9840
1599	9843
1600	9845
1602	9847
1603	9850
1604	9852
1605	9856
1606	9858
1607	9860
1608	9863
1609	9865
1610	9868
1610	9870
1611	9872
1612	9875
1612	9877
1613	9880
1614	9882
1615	9885
1616	9887
1615	9889
1615	9892
1616	9894
1617	9897
1619	9900
1620	9902
1618	9905
1617	9907
1617	9910
1617	9912
1617	9914
1617	9917
1617	9919
1616	9922
1615	9924
1616	9926
1617	9929
1618	9931
1617	9934
1617	9936
1617	9938
1616	9942
1616	9944
1616	9947
1615	9949
1614	9951
1612	9954
1611	9956
1610	9959
1610	9961
1609	9964
1608	9966
1607	9968
1607	9971
1606	9973
1605	9976
1605	9978
1603	9980
1602	9984
1601	9986
1600	9989
1599	9991
1599	9993
1599	9996
1598	9998
1597	10001
1597	10003
1597	10006
1597	10008
1596	10010
1594	10013
1592	10015
1591	10018
1590	10020
1589	10023
1588	10025
1587	10029
1586	10031
1585	10034
1584	10036
1582	10038
1581	10041
1581	10043
1581	10046
1581	10048
1580	10051
1579	10053
1579	10056
1578	10058
1578	10061
1577	10063
1577	10065
1576	10068
1576	10071
1575	10074
1574	10076
1573	10079
1573	10081
1572	10084
1571	10086
1569	10089
1568	10091
1570	10094
1571	10096
1570	10098
1568	10101
1567	10103
1567	10106
1567	10108
1567	10112
1566	10114
1565	10117
1564	10119
1562	10122
1562	10124
1561	10126
1561	10129
1561	10131
1560	10134
1560	10136
1561	10139
1561	10141
1560	10144
1559	10146
1558	10149
1558	10151
1557	10153
1556	10157
1556	10159
1555	10162
1554	10164
1554	10167
1554	10169
1554	10172
1552	10174
1550	10177
1551	10179
1550	10181
1549	10184
1548	10186
1547	10189
1546	10191
1545	10194
1545	10196
1544	10200
1543	10202
1542	10205
1541	10207
1540	10210
1539	10212
1537	10214
1536	10217
1535	10219
1533	10222
1534	10224
1536	10227
1536	10229
1535	10232
1533	10234
1532	10237
1530	10240
1530	10242
1529	10245
1529	10247
1528	10250
1527	10252
1526	10255
1525	10257
1525	10260
1525	10262
1525	10265
1524	10267
1523	10269
1521	10272
1520	10274
1519	10277
1518	10279
1517	10283
1516	10285
1516	10288
1516	10290
1516	10293
1516	10295
1515	10298
1514	10300
1512	10302
1510	10305
1510	10307
1509	10310
1509	10312
1509	10315
1510	10317
1509	10320
1508	10322
1507	10326
1507	10328
1507	10330
1506	10333
1506	10335
1505	10338
1505	10340
1505	10343
1505	10345
1505	10348
1505	10350
1505	10353
1505	10355
1506	10357
1505	10360
1505	10362
1505	10365
1505	10368
1505	10371
1505	10373
1505	10376
1504	10378
1504	10381
1507	10383
1506	10386
1504	10388
1503	10390
1502	10393
1501	10395
1501	10398
1501	10400
1501	10403
1501	10405
1501	10408
1500	10411
1499	10414
1499	10416
1500	10418
1500	10421
1500	10423
1499	10426
1498	10428
1498	10431
1498	10433
1497	10436
1497	10438
1498	10441
1498	10443
1498	10445
1498	10448
1497	10450
1497	10454
1496	10456
1496	10459
1495	10461
1495	10464
1494	10466
1494	10469
1494	10471
1494	10474
1494	10476
1493	10478
1492	10481
1492	10483
1491	10486
1490	10488
1489	10491
1489	10493
1489	10497
1488	10499
1487	10502
1486	10504
1485	10506
1486	10509
1485	10511
1483	10514
1482	10516
1481	10519
1480	10521
1479	10524
1478	10526
1477	10529
1476	10531
1476	10533
1475	10536
1474	10539
1472	10542
1471	10544
1469	10547
1468	10549
1467	10552
1466	10554
1464	10557
1463	10559
1462	10562
1461	10564
1461	10566
1460	10569
1459	10571
1458	10574
1457	10576
1457	10579
1455	10582
1453	10585
1451	10587
1450	10590
1449	10592
1448	10594
1449	10597
1449	10599
1447	10602
1446	10604
1445	10607
1444	10609
1444	10612
1444	10614
1443	10617
1443	10619
1443	10621
1443	10625
1442	10627
1442	10630
1442	10632
1441	10635
1442	10637
1443	10640
1444	10642
1446	10645
1447	10647
1447	10650
1447	10652
1447	10654
1447	10657
1449	10659
1450	10662
1449	10664
1449	10668
1449	10670
1450	10673
1450	10675
1451	10678
1452	10680
1453	10682
1455	10685
1456	10687
1456	10690
1457	10692
1458	10695
1458	10697
1457	10700
1457	10702
1457	10705
1459	10707
1460	10710
1461	10713
1461	10715
1462	10718
1462	10720
1464	10723
1464	10725
1464	10728
1466	10730
1464	10733
1464	10735
1465	10738
1467	10740
1469	10742
1469	10745
1470	10747
1470	10750
1470	10753
1471	10756
1471	10758
1472	10761
1473	10763
1474	10766
1474	10768
1474	10770
1475	10773
1476	10775
1476	10778
1476	10780
1478	10783
1479	10785
1478	10788
1478	10790
1478	10793
1478	10796
1478	10798
1479	10801
1479	10803
1479	10806
1478	10808
1478	10811
1479	10813
1478	10816
1478	10818
1479	10821
1480	10823
1481	10825
1481	10828
