⸮I2C Verbindung gefunden!.
1496	2
1494	4
1495	7
1495	9
1496	11
1497	13
1497	16
1498	18
1501	20
1500	23
1500	25
1500	27
1498	30
1499	32
1500	34
1499	36
1498	39
1497	41
1498	44
1497	47
1497	49
1496	51
1495	54
1495	56
1494	58
1494	61
1495	63
1495	65
1495	67
1495	70
1494	72
1494	74
1496	77
1498	79
1497	81
1495	84
1495	87
1494	89
1494	91
1493	94
1494	96
1495	98
1495	101
1494	103
1493	105
1492	108
1494	110
1494	112
1495	115
1494	117
1494	120
1493	122
1492	124
1491	128
1490	130
1489	132
1489	135
1489	137
1490	139
1490	142
1489	144
1488	146
1488	149
1491	151
1491	153
1491	156
1493	158
1492	161
1491	163
1489	165
1489	168
1490	171
1490	173
1490	176
1490	178
1491	180
1490	183
1488	185
1487	187
1487	190
1487	192
1487	194
1488	197
1490	199
1490	202
1490	204
1493	206
1492	209
1489	211
1489	214
1489	217
1490	219
1490	221
1490	224
1489	226
1488	228
1488	231
1488	233
1489	236
1489	238
1491	240
1492	243
1492	245
1491	247
1491	250
1491	252
1491	254
1493	258
1494	260
1494	262
1497	265
1498	267
1496	269
1497	272
1497	274
1497	277
1496	279
1497	281
1497	284
1496	286
1496	288
1496	291
1496	293
1497	295
1497	299
1497	301
1497	303
1498	306
1499	308
1500	310
1501	313
1501	315
1504	318
1505	320
1505	322
1505	325
1503	327
1502	329
1502	332
1503	334
1505	336
1505	339
1505	342
1504	344
1504	347
1503	349
1502	351
1502	354
1503	356
1503	359
1504	361
1506	363
1505	366
1505	368
1503	370
1502	373
1502	375
1503	377
1501	380
1501	382
1503	385
1504	388
1505	390
1506	393
1506	395
1506	397
1505	400
1504	402
1504	404
1504	407
1504	409
1504	411
1505	414
1506	416
1507	418
1507	421
1508	423
1508	425
1508	429
1509	431
1510	434
1512	436
1511	438
1510	441
1511	443
1512	445
1514	448
1514	450
1513	452
1512	455
1511	457
1510	459
1512	462
1511	464
1510	466
1511	470
1511	472
1511	475
1511	477
1510	479
1509	482
1508	484
1510	486
1513	489
1513	491
1511	493
1512	496
1513	498
1513	500
1512	503
1512	505
1512	508
1511	510
1509	513
1508	516
1507	518
1507	520
1506	523
1505	525
1506	527
1506	530
1506	532
1506	534
1507	537
1510	539
1511	541
1509	544
1508	546
1507	549
1505	551
1505	553
1504	557
1504	559
1503	561
1502	564
1504	566
1503	568
1502	571
1502	573
1503	575
1502	578
1501	580
1501	583
1501	585
1501	587
1501	590
1501	592
1501	594
1502	598
1502	600
1503	602
1504	605
1505	607
1502	609
1501	612
1500	614
1501	616
1500	619
1497	621
1497	624
1498	626
1498	628
1498	631
1498	633
1498	635
1498	638
1498	641
1499	643
1501	646
1503	648
1502	650
1501	653
1500	655
1498	658
1498	660
1497	662
1500	665
1501	667
1499	669
1497	672
1496	674
1496	676
1496	679
1496	681
1495	684
1495	687
1495	689
1496	691
1496	694
1496	696
1496	699
1495	701
1496	703
1495	706
1495	708
1494	710
1494	713
1493	715
1493	717
1497	720
1501	722
1498	724
1495	728
1495	730
1495	732
1494	735
1494	737
1493	740
1493	742
1493	744
1494	747
1495	749
1495	751
1495	754
1494	756
1494	758
1494	761
1493	763
1492	765
1493	769
1494	771
1495	774
1494	776
1496	778
1495	781
1492	783
1491	785
1491	788
1492	790
1492	792
1494	795
1494	797
1494	799
1493	802
1492	804
1491	806
1489	809
1489	812
1490	815
1490	817
1490	819
1490	822
1492	824
1493	826
1493	829
1492	831
1491	833
1491	836
1491	838
1492	840
1493	843
1495	845
1497	847
1497	850
1496	852
1495	856
1494	858
1493	860
1493	863
1494	865
1494	867
1494	870
1494	872
1497	874
1497	877
1498	879
1498	881
1498	884
1496	886
1495	889
1496	891
1496	893
1496	897
1495	899
1494	901
1494	904
1494	906
1495	908
1495	911
1494	913
1493	915
1492	918
1492	920
1493	922
1494	925
1493	927
1495	930
1497	932
1496	934
1497	937
1499	940
1499	942
1499	945
1497	947
1496	949
1496	952
1497	954
1499	956
1500	959
1500	961
1500	963
1498	966
1496	968
1496	971
1495	973
1495	975
1495	978
1495	980
1496	983
1496	986
1495	988
1497	990
1498	993
1499	995
1499	997
1500	1000
1500	1002
1499	1005
1498	1007
1498	1009
1497	1012
1497	1014
1498	1017
1498	1019
1499	1021
1499	1025
1499	1027
1500	1030
1499	1032
1498	1034
1499	1037
1499	1039
1501	1042
1501	1044
1499	1047
1499	1049
1500	1051
1500	1054
1500	1056
1500	1059
1500	1061
1502	1063
1503	1067
1502	1069
1501	1072
1502	1074
1503	1076
1503	1079
1502	1081
1502	1084
1502	1086
1501	1088
1501	1091
1503	1093
1504	1096
1503	1098
1506	1100
1506	1103
1505	1105
1505	1108
1504	1111
1503	1113
1503	1116
1504	1118
1503	1121
1502	1123
1502	1125
1501	1128
1502	1130
1502	1133
1503	1135
1502	1138
1504	1140
1506	1142
1505	1145
1503	1147
1502	1150
1502	1153
1502	1155
1501	1158
1501	1160
1502	1163
1502	1165
1501	1167
1500	1170
1500	1172
1500	1175
1499	1177
1499	1179
1497	1182
1497	1184
1498	1187
1497	1189
1497	1191
1497	1195
1498	1197
1498	1200
1497	1202
1496	1204
1499	1207
1500	1209
1498	1212
1498	1214
1498	1216
1498	1219
1497	1221
1497	1224
1496	1226
1494	1229
1493	1231
1491	1233
1491	1236
1491	1239
1492	1242
1493	1244
1494	1246
1495	1249
1495	1251
1497	1254
1496	1256
1494	1258
1493	1261
1492	1263
1494	1266
1495	1268
1493	1270
1493	1273
1493	1275
1493	1278
1492	1281
1491	1283
1490	1286
1489	1288
1488	1291
1487	1293
1488	1295
1490	1298
1491	1300
1490	1303
1488	1305
1488	1307
1488	1310
1489	1312
1488	1315
1488	1317
1488	1320
1488	1323
1488	1325
1489	1328
1488	1330
1488	1333
1488	1335
1487	1337
1487	1340
1488	1342
1488	1345
1487	1347
1487	1349
1487	1352
1490	1354
1491	1357
1490	1359
1489	1361
1488	1364
1488	1367
1489	1370
1489	1372
1489	1374
1488	1377
1488	1379
1487	1382
1486	1384
1487	1386
1488	1389
1491	1391
1490	1394
1489	1396
1488	1398
1488	1401
1489	1403
1490	1406
1489	1409
1488	1411
1488	1414
1489	1416
1491	1419
1491	1421
1491	1423
1491	1426
1490	1428
1489	1431
1489	1433
1489	1436
1489	1438
1489	1440
1489	1443
1489	1445
1490	1448
1491	1451
1490	1453
1492	1456
1492	1458
1490	1461
1490	1463
1490	1465
1490	1468
1490	1470
1489	1473
1492	1475
1493	1477
1493	1480
1493	1482
1492	1485
1493	1487
1493	1489
1492	1492
1492	1495
1491	1498
1491	1500
1492	1502
1494	1505
1494	1507
1492	1510
1493	1512
1495	1514
1494	1517
1495	1519
1496	1522
1495	1524
1494	1527
1494	1529
1494	1531
1494	1534
1495	1537
1497	1540
1497	1542
1497	1544
1497	1547
1495	1549
1494	1552
1494	1554
1494	1556
1495	1559
1495	1561
1494	1564
1494	1566
1497	1568
1498	1571
1498	1573
1497	1576
1497	1579
1498	1581
1497	1584
1498	1586
1500	1589
1500	1591
1500	1593
1500	1596
1500	1598
1500	1601
1503	1603
1502	1606
1498	1608
1496	1610
1497	1613
1497	1615
1498	1618
1497	1620
1495	1623
1494	1626
1493	1628
1493	1631
1496	1633
1498	1635
1497	1638
1496	1640
1495	1643
1494	1645
1494	1647
1495	1650
1495	1652
1495	1655
1494	1657
1494	1659
1494	1662
1493	1665
1495	1668
1504	1670
1509	1672
1508	1675
1505	1677
1502	1680
1500	1682
1499	1684
1501	1687
1506	1689
1507	1692
1505	1694
1501	1696
1501	1699
1503	1701
1502	1704
1501	1707
1501	1709
1498	1712
1497	1714
1497	1717
1495	1719
1492	1722
1491	1724
1490	1726
1493	1729
1501	1731
1504	1734
1502	1736
1497	1738
1493	1741
1491	1743
1490	1746
1489	1748
1490	1751
1491	1754
1495	1756
1496	1759
1495	1761
1491	1763
1489	1766
1489	1768
1490	1771
1492	1773
1496	1775
1501	1778
1505	1780
1505	1783
1501	1785
1501	1787
1498	1790
1495	1793
1495	1796
1500	1798
1501	1800
1499	1803
1501	1805
1501	1808
1500	1810
1501	1813
1502	1815
1502	1817
1504	1820
1502	1822
1501	1825
1500	1827
1498	1829
1498	1832
1498	1835
1500	1838
1499	1840
1496	1842
1494	1845
1494	1847
1497	1850
1498	1852
1499	1854
1499	1857
1495	1859
1490	1862
1487	1864
1490	1866
1497	1869
1507	1871
1506	1874
1505	1876
1499	1879
1494	1882
1493	1884
1493	1887
1492	1889
1492	1891
1494	1894
1493	1896
1490	1899
1488	1901
1488	1904
1491	1906
1492	1908
1491	1911
1488	1913
1486	1916
1487	1918
1489	1921
1496	1924
1498	1926
1496	1929
1494	1931
1491	1933
1489	1936
1487	1938
1486	1941
1485	1943
1486	1945
1489	1948
1496	1950
1498	1953
1499	1955
1500	1957
1496	1960
1493	1963
1494	1966
1494	1968
1496	1970
1499	1973
1496	1975
1495	1978
1494	1980
1492	1982
1493	1985
1500	1987
1502	1990
1503	1992
1499	1995
1495	1997
1495	1999
1497	2002
1498	2004
1498	2008
1496	2010
1494	2012
1492	2015
1489	2017
1488	2020
1491	2022
1488	2024
1486	2027
1485	2029
1484	2032
1484	2034
1485	2036
1485	2039
1486	2041
1492	2044
1499	2046
1500	2049
1499	2052
1496	2054
1495	2057
1494	2059
1492	2061
1490	2064
1490	2066
1492	2069
1496	2071
1496	2073
1496	2076
1495	2078
1497	2081
1502	2083
1498	2085
1494	2088
1491	2091
1487	2094
1486	2096
1487	2099
1486	2101
1486	2103
1489	2106
1492	2108
1502	2111
1506	2113
1501	2115
1495	2118
1492	2120
1497	2123
1498	2125
1494	2127
1493	2130
1495	2132
1498	2136
1503	2138
1504	2140
1502	2143
1498	2145
1495	2148
1501	2150
1510	2152
1515	2155
1520	2157
1518	2160
1512	2162
1505	2164
1501	2167
1498	2169
1497	2172
1497	2174
1496	2178
1500	2180
1517	2182
1527	2185
1520	2187
1511	2190
1508	2192
1501	2194
1494	2197
1494	2199
1493	2202
1497	2204
1498	2206
1496	2209
1493	2211
1495	2214
1492	2216
1489	2219
1491	2222
1489	2224
1491	2227
1492	2229
1518	2231
1530	2234
1523	2236
1518	2239
1511	2241
1500	2243
1496	2246
1505	2248
1507	2251
1506	2253
1513	2256
1504	2258
1491	2260
1485	2264
1489	2266
1490	2269
1495	2271
1494	2273
1493	2276
1496	2278
1499	2281
1500	2283
1490	2285
1490	2288
1488	2290
1488	2293
1496	2295
1503	2297
1497	2300
1493	2302
1492	2306
1498	2308
1518	2310
1520	2313
1513	2315
1512	2318
1514	2320
1529	2322
1527	2325
1523	2327
1522	2330
1517	2332
1501	2335
1501	2337
1519	2339
1530	2342
1518	2344
1511	2348
1513	2350
1507	2352
1503	2355
1497	2357
1491	2360
1489	2362
1485	2364
1477	2367
1479	2369
1486	2372
1498	2374
1502	2376
1496	2379
1491	2381
1492	2384
1488	2386
1491	2388
1496	2392
1506	2394
1503	2397
1501	2399
1510	2401
1512	2404
1513	2406
1509	2409
1504	2411
1506	2414
1516	2416
1532	2418
1535	2421
1519	2423
1506	2426
1498	2428
1499	2430
1497	2434
1501	2436
1509	2439
1518	2441
1509	2443
1514	2446
1514	2448
1505	2451
1509	2453
1503	2455
1500	2458
1494	2460
1500	2463
1505	2465
1511	2467
1508	2470
1499	2472
1493	2476
1488	2478
1484	2480
1489	2483
1501	2485
1516	2488
1526	2490
1536	2492
1529	2495
1524	2497
1518	2500
1505	2502
1496	2505
1487	2507
1481	2509
1479	2512
1485	2514
1497	2518
1510	2520
1514	2522
1501	2525
1493	2527
1506	2530
1502	2532
1497	2534
1505	2537
1498	2539
1495	2542
1499	2544
1495	2546
1496	2549
1487	2551
1483	2554
1487	2556
1484	2558
1479	2562
1480	2564
1491	2567
1507	2569
1514	2572
1510	2574
1505	2576
1499	2579
1501	2581
1498	2584
1504	2586
1503	2588
1502	2591
1496	2593
1509	2596
1526	2598
1513	2600
1503	2604
1500	2606
1516	2609
1519	2611
1508	2613
1501	2616
1492	2618
1495	2621
1496	2623
1509	2625
1509	2628
1496	2630
1495	2633
1497	2635
1503	2637
1515	2640
1508	2642
1505	2646
1494	2648
1477	2650
1467	2653
1465	2655
1460	2658
1459	2660
1476	2662
1490	2665
1507	2667
1523	2670
1511	2672
1494	2674
1499	2677
1495	2679
1485	2682
1479	2684
1473	2688
1484	2690
1510	2692
1514	2695
1516	2697
1525	2700
1530	2702
1513	2704
1488	2707
1469	2709
1463	2712
1477	2714
1488	2716
1478	2719
1473	2721
1472	2724
1468	2726
1467	2728
1465	2732
1464	2734
1474	2737
1478	2739
1484	2741
1478	2744
1470	2746
1471	2749
1473	2751
1478	2753
1489	2756
1496	2758
1496	2761
1497	2763
1497	2765
1516	2768
1533	2770
1514	2774
1496	2776
1493	2779
1487	2781
1493	2783
1508	2786
1503	2788
1501	2791
1490	2793
1480	2795
1474	2798
1482	2800
1489	2803
1510	2805
1505	2807
1487	2810
1475	2812
1471	2816
1477	2818
1471	2820
1466	2823
1463	2825
1469	2828
1473	2830
1478	2832
1485	2835
1485	2837
1487	2840
1505	2842
1504	2844
1504	2847
1514	2849
1501	2852
1497	2854
1500	2856
1511	2860
1504	2862
1497	2865
1487	2867
1479	2870
1491	2872
1492	2874
1483	2877
1477	2879
1479	2882
1487	2884
1489	2886
1483	2889
1497	2891
1494	2894
1487	2896
1478	2898
1478	2902
1474	2904
1471	2907
1480	2909
1485	2911
1486	2914
1488	2916
1490	2919
1490	2921
1508	2923
1526	2926
1532	2928
1521	2931
1515	2933
1506	2935
1509	2938
1503	2940
1497	2944
1491	2946
1485	2948
1494	2951
1514	2953
1514	2956
1508	2958
1498	2961
1494	2963
1498	2965
1499	2968
1496	2970
1492	2973
1485	2975
1482	2977
1484	2980
1489	2982
1494	2985
1517	2988
1532	2990
1546	2993
1536	2995
1519	2998
1509	3000
1512	3002
1514	3005
1510	3007
1512	3010
1517	3012
1525	3014
1519	3017
1515	3019
1516	3022
1513	3024
1508	3026
1532	3030
1553	3032
1541	3035
1521	3037
1520	3040
1533	3042
1529	3044
1523	3047
1512	3049
1504	3052
1497	3054
1492	3056
1494	3059
1503	3061
1528	3064
1532	3066
1522	3068
1508	3072
1503	3074
1501	3077
1511	3079
1515	3081
1517	3084
1521	3086
1512	3089
1508	3091
1527	3093
1532	3096
1548	3098
1543	3101
1529	3103
1517	3106
1508	3108
1503	3110
1517	3113
1517	3116
1516	3119
1534	3121
1523	3123
1506	3126
1497	3128
1490	3131
1488	3133
1485	3135
1487	3138
1488	3140
1498	3143
1500	3145
1496	3147
1491	3150
1492	3152
1505	3155
1510	3158
1508	3160
1498	3163
1484	3165
1492	3168
1501	3170
1503	3173
1513	3175
1529	3177
1528	3180
1513	3182
1502	3185
1489	3187
1485	3189
1482	3192
1478	3194
1475	3197
1480	3200
1488	3202
1494	3205
1507	3207
1498	3210
1484	3212
1487	3214
1487	3217
1478	3219
1479	3222
1485	3224
1478	3226
1480	3229
1477	3231
1481	3234
1478	3236
1484	3238
1492	3241
1492	3244
1486	3247
1483	3249
1478	3251
1474	3254
1491	3256
1490	3259
1482	3261
1494	3264
1497	3266
1491	3268
1483	3271
1476	3273
1471	3276
1471	3278
1469	3280
1471	3283
1478	3286
1480	3289
1478	3291
1478	3293
1477	3296
1480	3298
1493	3301
1492	3303
1488	3305
1499	3308
1504	3310
1496	3313
1487	3315
1482	3317
1482	3320
1483	3322
1487	3325
1499	3328
1495	3330
1481	3333
1479	3335
1483	3338
1482	3340
1483	3342
1482	3345
1474	3347
1472	3350
1482	3352
1486	3354
1495	3357
1498	3359
1501	3362
1496	3364
1485	3367
1473	3369
1469	3372
1468	3375
1469	3377
1469	3380
1469	3382
1477	3384
1479	3387
1486	3389
1485	3392
1480	3394
1477	3396
1474	3399
1472	3401
1469	3404
1471	3406
1476	3408
1480	3411
1486	3414
1498	3417
1502	3419
1493	3421
1491	3424
1496	3426
1493	3429
1489	3431
1484	3433
1486	3436
1502	3438
1502	3441
1507	3443
1501	3445
1487	3448
1485	3450
1486	3453
1487	3456
1489	3459
1483	3461
1485	3463
1492	3466
1495	3468
1493	3471
1494	3473
1486	3475
1482	3478
1486	3480
1483	3483
1479	3485
1484	3487
1489	3490
1491	3492
1487	3495
1489	3497
1497	3500
1499	3503
1512	3505
1509	3508
1500	3510
1500	3512
1501	3515
1502	3517
1506	3520
1507	3522
1498	3524
1491	3527
1488	3529
1508	3532
1508	3534
1509	3536
1513	3539
1512	3542
1503	3545
1496	3547
1486	3550
1481	3552
1480	3554
1476	3557
1475	3559
1482	3562
1483	3564
1481	3566
1478	3569
1475	3571
1486	3574
1492	3576
1495	3578
1492	3581
1487	3584
1487	3587
1490	3589
1488	3591
1500	3594
1507	3596
1496	3599
1488	3601
1483	3603
1484	3606
1486	3608
1506	3611
1513	3613
1501	3615
1494	3618
1489	3620
1490	3623
1487	3625
1485	3628
1481	3631
1476	3633
1472	3636
1473	3638
1475	3641
1476	3643
1479	3645
1482	3648
1498	3650
1513	3653
1504	3655
1492	3657
1486	3660
1482	3662
1481	3665
1478	3667
1479	3670
1490	3673
1505	3675
1514	3678
1503	3680
1491	3682
1483	3685
1479	3687
1486	3690
1503	3692
1505	3694
1500	3697
1494	3699
1484	3702
1475	3704
1480	3707
1491	3709
1490	3712
1489	3715
1483	3717
1478	3720
1475	3722
1477	3724
1482	3727
1481	3729
1479	3732
1476	3734
1477	3736
1482	3739
1483	3741
1481	3744
1483	3746
1486	3748
1493	3751
1496	3753
1497	3757
1502	3759
1496	3761
1489	3764
1483	3766
1488	3769
1491	3771
1485	3773
1489	3776
1517	3778
1516	3781
1498	3783
1488	3786
1485	3788
1488	3790
1489	3793
1479	3795
1478	3799
1479	3801
1477	3803
1473	3806
1469	3808
1471	3811
1482	3813
1485	3815
1492	3818
1490	3820
1485	3823
1480	3825
1481	3827
1482	3830
1479	3832
1475	3835
1477	3837
1481	3840
1481	3843
1481	3845
1489	3848
1498	3850
1500	3852
1510	3855
1507	3857
1498	3860
1498	3862
1500	3864
1499	3867
1493	3869
1487	3872
1479	3874
1482	3877
1482	3879
1478	3881
1479	3885
1487	3887
1493	3890
1496	3892
1489	3894
1483	3897
1483	3899
1477	3902
1480	3904
1484	3906
1485	3909
1495	3911
1494	3914
1494	3916
1489	3918
1486	3921
1491	3923
1498	3927
1501	3929
1499	3931
1489	3934
1489	3936
1488	3939
1485	3941
1482	3943
1483	3946
1500	3948
1515	3951
1508	3953
1497	3955
1486	3958
1482	3960
1482	3963
1477	3965
1478	3969
1481	3971
1490	3973
1506	3976
1514	3978
1506	3981
1496	3983
1491	3985
1482	3988
1478	3990
1486	3993
1490	3995
1494	3997
1515	4000
1538	4002
1530	4005
1529	4007
1516	4009
1515	4013
1531	4015
1541	4018
1532	4020
1543	4022
1554	4025
1533	4027
1510	4030
1490	4032
1476	4034
1475	4037
1484	4039
1484	4042
1490	4044
1501	4047
1501	4049
1497	4051
1483	4055
1467	4057
1467	4060
1484	4062
1495	4064
1504	4067
1495	4069
1484	4072
1496	4074
1511	4076
1509	4079
1510	4081
1513	4084
1522	4086
1527	4088
1519	4091
1509	4093
1495	4097
1495	4099
1510	4101
1525	4104
1515	4106
1499	4109
1488	4111
1476	4113
1479	4116
1504	4118
1501	4121
1490	4123
1484	4125
1513	4128
1518	4130
1492	4133
1484	4135
1484	4139
1471	4141
1503	4143
1523	4146
1509	4148
1500	4151
1497	4153
1514	4155
1512	4158
1503	4160
1495	4163
1488	4165
1508	4167
1531	4170
1511	4172
1515	4175
1513	4177
1496	4179
1484	4183
1479	4185
1475	4188
1477	4190
1479	4192
1495	4195
1516	4197
1505	4200
1489	4202
1489	4204
1499	4207
1502	4209
1508	4212
1503	4214
1507	4217
1501	4219
1512	4221
1508	4225
1493	4227
1514	4230
1528	4232
1530	4234
1528	4237
1509	4239
1513	4242
1508	4244
1534	4246
1533	4249
1517	4251
1493	4254
1497	4256
1498	4258
1482	4261
1472	4263
1464	4267
1463	4269
1467	4271
1469	4274
1465	4276
1463	4279
1456	4281
1459	4283
1466	4286
1474	4288
1475	4291
1504	4293
1537	4295
1529	4298
1524	4300
1504	4303
1503	4305
1503	4308
1495	4311
1488	4313
1491	4316
1479	4318
1475	4321
1465	4323
1460	4325
1480	4328
1497	4330
1503	4333
1501	4335
1489	4337
1485	4340
1473	4342
1461	4345
1457	4347
1449	4349
1445	4353
1457	4355
1503	4358
1505	4360
1493	4362
1481	4365
1470	4367
1466	4370
1466	4372
1500	4374
1505	4377
1489	4379
1475	4382
1474	4384
1479	4387
1498	4389
1498	4391
1499	4395
1519	4397
1510	4400
1496	4402
1490	4404
1495	4407
1480	4409
1478	4412
1498	4414
1496	4416
1479	4419
1469	4421
1460	4424
1454	4426
1461	4428
1460	4431
1464	4433
1475	4436
1485	4439
1474	4441
1465	4444
1461	4446
1460	4449
1460	4451
1470	4453
1472	4456
1483	4458
1499	4461
1491	4463
1497	4466
1502	4468
1497	4470
1507	4473
1499	4475
1492	4478
1487	4481
1478	4483
1475	4486
1480	4488
1478	4491
1495	4493
1511	4495
1491	4498
1479	4500
1466	4503
1464	4505
1487	4507
1491	4510
1483	4512
1473	4515
1465	4517
1461	4519
1460	4523
1460	4525
1464	4528
1464	4530
1470	4532
1479	4535
1495	4537
1530	4540
1524	4542
1509	4544
1492	4547
1498	4549
1495	4552
1491	4554
1484	4557
1474	4559
1474	4561
1472	4564
1468	4567
1471	4570
1488	4572
1499	4574
1491	4577
1484	4579
1475	4582
1467	4584
1471	4586
1470	4589
1473	4591
1481	4594
1485	4596
1480	4598
1479	4601
1476	4603
1467	4606
1464	4609
1468	4611
1494	4614
1502	4616
1492	4619
1483	4621
1477	4623
1481	4626
1500	4628
1518	4631
1510	4633
1493	4636
1481	4638
1473	4640
1476	4643
1487	4645
1488	4648
1486	4651
1484	4653
1478	4656
1487	4658
1502	4661
1498	4663
1507	4665
1500	4668
1488	4670
1478	4673
1469	4675
1464	4677
1465	4680
1473	4682
1485	4685
1490	4687
1484	4689
1476	4692
1472	4695
1473	4698
1473	4700
1475	4702
1475	4705
1484	4707
1500	4710
1502	4712
1497	4715
1495	4717
1489	4719
1482	4722
1496	4724
1510	4727
1501	4729
1488	4731
1481	4734
1515	4737
1516	4740
1499	4742
1488	4744
1481	4747
1481	4749
1483	4752
1486	4754
1487	4756
1497	4759
1487	4761
1479	4764
1474	4766
1467	4768
1465	4771
1467	4773
1472	4776
1476	4779
1484	4782
1485	4784
1479	4786
1490	4789
1499	4791
1488	4794
1489	4796
1488	4798
1479	4801
1476	4803
1478	4806
1491	4808
1495	4810
1496	4813
1488	4815
1478	4818
1471	4820
1466	4823
1463	4826
1464	4828
1468	4831
1470	4833
1482	4835
1483	4838
1493	4840
1505	4843
1512	4845
1499	4847
1488	4850
1487	4852
1486	4855
1477	4857
1477	4859
1481	4862
1475	4865
1469	4868
1476	4870
1481	4873
1486	4875
1484	4877
1475	4880
1472	4882
1489	4885
1492	4887
1477	4889
1480	4892
1476	4894
1474	4897
1472	4899
1467	4901
1475	4904
1484	4907
1492	4910
1486	4912
1479	4914
1476	4917
1480	4919
1485	4922
1482	4924
1483	4926
1490	4929
1483	4931
1479	4934
1484	4936
1488	4938
1477	4941
1473	4943
1481	4946
1485	4948
1476	4952
1472	4954
1472	4956
1479	4959
1482	4961
1486	4964
1489	4966
1482	4968
1474	4971
1473	4973
1474	4976
1478	4978
1487	4980
1486	4983
1488	4985
1483	4988
1494	4990
1508	4993
1517	4996
1503	4998
1487	5001
1478	5003
1475	5005
1477	5008
1480	5010
1482	5013
1481	5015
1488	5017
1488	5020
1483	5022
1478	5025
1472	5027
1474	5030
1484	5032
1489	5035
1496	5038
1508	5040
1499	5043
1483	5045
1483	5047
1486	5050
1496	5052
1498	5055
1496	5057
1488	5059
1483	5062
1489	5064
1489	5067
1488	5069
1483	5071
1484	5074
1488	5076
1500	5080
1499	5082
1488	5084
1478	5087
1475	5089
1475	5092
1474	5094
1474	5096
1472	5099
1482	5101
1498	5104
1504	5106
1495	5109
1489	5111
1493	5113
1497	5116
1495	5118
1496	5122
1491	5124
1483	5126
1485	5129
1485	5131
1494	5134
1492	5136
1488	5138
1495	5141
1494	5143
1490	5146
1491	5148
1496	5150
1495	5153
1486	5155
1494	5158
1485	5160
1477	5163
1480	5166
1489	5168
1491	5171
1493	5173
1494	5175
1498	5178
1501	5180
1500	5183
1494	5185
1487	5188
1481	5190
1493	5192
1498	5195
1493	5197
1487	5200
1491	5202
1508	5204
1509	5208
1514	5210
1516	5213
1506	5215
1499	5217
1501	5220
1516	5222
1518	5225
1506	5227
1495	5229
1491	5232
1485	5234
1487	5237
1497	5239
1505	5241
1509	5244
1503	5246
1489	5250
1496	5252
1501	5254
1503	5257
1511	5259
1509	5262
1505	5264
1501	5266
1496	5269
1490	5271
1488	5274
1511	5276
1516	5278
1511	5281
1500	5283
1492	5286
1491	5288
1493	5292
1496	5294
1495	5296
1486	5299
1487	5301
1488	5304
1488	5306
1499	5308
1519	5311
1516	5313
1512	5316
1506	5318
1499	5320
1496	5323
1505	5325
1520	5328
1518	5330
1512	5332
1502	5336
1503	5338
1506	5341
1507	5343
1503	5345
1498	5348
1491	5350
1490	5353
1489	5355
1490	5358
1494	5360
1492	5362
1490	5365
1489	5367
1494	5370
1502	5372
1505	5374
1498	5378
1488	5380
1483	5383
1478	5385
1483	5387
1492	5390
1490	5392
1493	5395
1491	5397
1485	5399
1482	5402
1481	5404
1483	5407
1484	5409
1490	5411
1515	5414
1513	5416
1505	5420
1503	5422
1513	5424
1515	5427
1498	5429
1492	5432
1494	5434
1493	5437
1499	5439
1504	5441
1495	5444
1489	5446
1487	5449
1481	5451
1475	5453
1476	5456
1486	5458
1493	5462
1485	5464
1477	5466
1473	5469
1469	5471
1467	5474
1469	5476
1478	5478
1500	5481
1507	5483
1497	5486
1491	5488
1489	5490
1487	5493
1486	5495
1509	5498
1509	5500
1499	5502
1497	5506
1497	5508
1514	5511
1510	5513
1498	5516
1492	5518
1484	5520
1486	5523
1487	5525
1485	5528
1506	5530
1536	5532
1526	5535
1513	5537
1495	5540
1483	5542
1477	5544
1472	5548
1469	5550
1472	5553
1469	5555
1473	5557
1473	5560
1474	5562
1477	5565
1478	5567
1474	5569
1477	5572
1498	5574
1494	5577
1489	5579
1490	5581
1487	5584
1492	5586
1493	5590
1489	5592
1490	5595
1501	5597
1500	5599
1498	5602
1509	5604
1519	5607
1511	5609
1507	5611
1502	5614
1494	5616
1488	5619
1490	5621
1491	5623
1491	5626
1494	5628
1496	5632
1513	5634
1516	5636
1502	5639
1492	5641
1485	5644
1483	5646
1483	5648
1485	5651
1487	5653
1486	5656
1487	5658
1487	5660
1482	5663
1477	5665
1478	5668
1488	5670
1492	5673
1503	5676
1507	5678
1503	5681
1501	5683
1495	5686
1494	5688
1518	5690
1526	5693
1529	5695
1520	5698
1514	5700
1508	5702
1503	5705
1497	5707
1501	5710
1508	5712
1498	5714
1498	5718
1497	5720
1488	5723
1480	5725
1482	5727
1481	5730
1473	5732
1482	5735
1488	5737
1489	5739
1489	5742
1489	5744
1495	5747
1493	5749
1491	5752
1484	5754
1476	5756
1479	5760
1476	5762
1472	5765
1485	5767
1497	5769
1486	5772
1484	5774
1485	5777
1485	5779
1486	5781
1510	5784
1508	5786
1495	5789
1487	5791
1479	5793
1474	5796
1476	5798
1488	5801
1503	5804
1521	5806
1531	5809
1516	5811
1499	5814
1493	5816
1496	5818
1499	5821
1489	5823
1479	5826
1478	5828
1479	5831
1484	5833
1490	5835
1483	5838
1478	5840
1476	5843
1476	5846
1481	5848
1480	5851
1477	5853
1488	5856
1489	5858
1482	5860
1499	5863
1493	5865
1488	5868
1487	5870
1500	5872
1513	5875
1505	5877
1494	5880
1487	5882
1507	5884
1507	5888
1509	5890
1502	5893
1488	5895
1472	5897
1471	5900
1473	5902
1469	5905
1478	5907
1478	5910
1477	5912
1476	5914
1474	5917
1489	5919
1483	5922
1484	5924
1489	5926
1500	5929
1502	5932
1497	5935
1491	5937
1486	5939
1489	5942
1504	5944
1511	5947
1500	5949
1492	5951
1480	5954
1480	5956
1479	5959
1491	5961
1494	5963
1512	5966
1517	5968
1508	5971
1493	5974
1482	5976
1480	5979
1476	5981
1477	5984
1480	5986
1477	5989
1472	5991
1472	5993
1475	5996
1482	5998
1488	6001
1503	6003
1509	6005
1502	6008
1500	6010
1502	6013
1499	6016
1506	6018
1518	6021
1504	6023
1499	6026
1509	6028
1517	6030
1521	6033
1513	6035
1496	6038
1486	6040
1480	6042
1486	6045
1494	6047
1502	6050
1500	6052
1500	6054
1493	6057
1495	6060
1500	6063
1504	6065
1499	6068
1500	6070
1494	6072
1498	6075
1504	6077
1495	6080
1487	6082
1483	6084
1489	6087
1490	6089
1485	6092
1484	6094
1488	6096
1490	6099
1497	6102
1499	6105
1499	6107
1494	6109
1489	6112
1492	6114
1502	6117
1495	6119
1503	6121
1508	6124
1502	6126
1500	6129
1495	6131
1485	6134
1484	6136
1489	6138
1509	6141
1517	6144
1509	6147
1503	6149
1500	6151
1498	6154
1496	6156
1498	6159
1501	6161
1495	6163
1487	6166
1483	6168
1481	6171
1477	6173
1477	6175
1499	6178
1524	6180
1517	6183
1511	6185
1499	6188
1488	6191
1489	6193
1491	6196
1492	6198
1497	6201
1496	6203
1491	6205
1490	6208
1489	6210
1495	6213
1506	6215
1505	6217
1507	6220
1520	6222
1519	6225
1509	6227
1511	6230
1499	6233
1492	6235
1491	6238
1494	6240
1494	6242
1495	6245
1504	6247
1515	6250
1510	6252
1502	6254
1496	6257
1498	6259
1497	6262
1496	6264
1495	6267
1495	6269
1495	6272
1490	6275
1498	6277
1517	6280
1522	6282
1514	6284
1503	6287
1497	6289
1496	6292
1500	6294
1494	6296
1487	6299
1482	6301
1478	6304
1483	6306
1502	6308
1514	6311
1514	6313
1510	6317
1500	6319
1489	6321
1491	6324
1495	6326
1504	6329
1510	6331
1507	6334
1495	6336
1486	6338
1487	6341
1486	6343
1502	6346
1524	6348
1511	6350
1502	6353
1495	6355
1486	6359
1479	6361
1479	6363
1488	6366
1495	6368
1492	6371
1487	6373
1484	6375
1491	6378
1519	6380
1516	6383
1496	6385
1486	6387
1488	6390
1484	6392
1478	6395
1475	6397
1477	6401
1481	6403
1481	6405
1478	6408
1476	6410
1476	6413
1483	6415
1504	6417
1500	6420
1488	6422
1484	6425
1482	6427
1482	6429
1504	6432
1508	6434
1496	6437
1494	6439
1485	6441
1484	6445
1490	6447
1496	6450
1497	6452
1503	6454
1500	6457
1487	6459
1476	6462
1469	6464
1466	6466
1466	6469
1470	6471
1475	6474
1477	6476
1480	6478
1481	6481
1486	6483
1479	6487
1479	6489
1477	6491
1483	6494
1496	6496
1504	6499
1500	6501
1489	6503
1483	6506
1485	6508
1488	6511
1493	6513
1490	6516
1485	6518
1481	6520
1486	6523
1484	6525
1495	6529
1498	6531
1492	6533
1493	6536
1488	6538
1477	6541
1473	6543
1473	6545
1477	6548
1496	6550
1505	6553
1498	6555
1492	6557
1497	6560
1495	6562
1485	6565
1484	6567
1481	6569
1475	6573
1480	6575
1481	6578
1479	6580
1476	6582
1474	6585
1476	6587
1477	6590
1481	6592
1491	6594
1504	6597
1509	6599
1500	6602
1489	6604
1482	6607
1485	6609
1492	6611
1490	6615
1488	6617
1486	6620
1481	6622
1477	6624
1477	6627
1480	6629
1479	6632
1475	6634
1483	6636
1487	6639
1483	6641
1487	6644
1486	6646
1485	6648
1482	6651
1481	6653
1481	6657
1494	6659
1537	6661
1534	6664
1523	6666
1510	6669
1491	6671
1484	6673
1482	6676
1480	6678
1480	6681
1484	6683
1488	6685
1484	6688
1480	6690
1478	6693
1489	6695
1502	6699
1504	6701
1502	6703
1500	6706
1495	6708
1496	6711
1494	6713
1496	6715
1501	6718
1490	6720
1482	6723
1480	6725
1483	6727
1482	6730
1484	6732
1490	6735
1503	6737
1511	6739
1506	6743
1496	6745
1490	6748
1486	6750
1489	6752
1494	6755
1516	6757
1509	6760
1494	6762
1506	6764
1511	6767
1508	6769
1501	6772
1499	6774
1502	6777
1493	6779
1487	6781
1481	6785
1480	6787
1481	6790
1484	6792
1487	6794
1488	6797
1494	6799
1510	6802
1511	6804
1505	6806
1504	6809
1539	6811
1551	6814
1531	6816
1521	6818
1517	6821
1507	6823
1498	6827
1497	6829
1503	6831
1504	6834
1510	6836
1504	6839
1495	6841
1491	6844
1490	6846
1490	6848
1487	6851
1494	6853
1494	6856
1494	6858
1492	6860
1486	6863
1487	6865
1486	6868
1489	6871
1493	6873
1501	6876
1505	6878
1499	6881
1499	6883
1507	6885
1513	6888
1518	6890
1504	6893
1492	6895
1485	6897
1481	6900
1477	6902
1480	6905
1483	6907
1488	6909
1498	6913
1493	6915
1497	6918
1490	6920
1499	6923
1500	6925
1489	6927
1486	6930
1484	6932
1481	6935
1497	6937
1493	6939
1491	6942
1487	6944
1484	6947
1488	6949
1484	6951
1481	6955
1493	6957
1497	6960
1488	6962
1488	6964
1496	6967
1495	6969
1492	6972
1486	6974
1480	6976
1484	6979
1478	6981
1471	6984
1477	6986
1497	6988
1489	6991
1485	6993
1488	6996
1494	6999
1490	7002
1492	7004
1493	7006
1484	7009
1482	7011
1482	7014
1480	7016
1481	7018
1486	7021
1491	7023
1490	7026
1490	7028
1491	7030
1495	7033
1496	7035
1494	7038
1505	7041
1504	7043
1492	7046
1480	7048
1472	7051
1469	7053
1475	7055
1479	7058
1484	7060
1494	7063
1494	7065
1496	7067
1499	7070
1496	7072
1491	7075
1483	7077
1482	7080
1487	7083
1485	7085
1480	7088
1485	7090
1490	7093
1485	7095
1485	7097
1500	7100
1491	7102
1484	7105
1479	7107
1483	7109
1488	7112
1484	7114
1487	7117
1489	7119
1492	7121
1489	7124
1483	7127
1482	7130
1489	7132
1489	7134
1488	7137
1487	7139
1497	7142
1507	7144
1499	7147
1494	7149
1495	7151
1490	7154
1489	7156
1485	7159
1483	7161
1484	7163
1481	7166
1480	7169
1486	7172
1492	7174
1490	7176
1484	7179
1482	7181
1484	7184
1482	7186
1491	7188
1511	7191
1511	7193
1501	7196
1492	7198
1486	7200
1484	7203
1489	7205
1497	7208
1512	7211
1509	7213
1505	7216
1507	7218
1502	7221
1501	7223
1522	7226
1518	7228
1504	7230
1494	7233
1491	7235
1485	7238
1484	7240
1488	7242
1486	7245
1483	7247
1482	7250
1482	7252
1480	7255
1482	7258
1492	7260
1493	7263
1490	7265
1497	7267
1520	7270
1515	7272
1501	7275
1492	7277
1487	7279
1489	7282
1497	7284
1494	7287
1492	7289
1491	7291
1489	7294
1491	7297
1491	7300
1487	7302
1505	7305
1508	7307
1498	7309
1494	7312
1503	7314
1502	7317
1498	7319
1490	7321
1511	7324
1508	7326
1503	7329
1500	7331
1489	7333
1493	7336
1509	7339
1529	7342
1524	7344
1508	7346
1492	7349
1485	7351
1482	7354
1483	7356
1479	7359
1476	7361
1477	7363
1480	7366
1485	7368
1489	7371
1484	7373
1481	7375
1490	7378
1496	7380
1499	7384
1503	7386
1499	7388
1500	7391
1504	7393
1502	7396
1496	7398
1499	7400
1500	7403
1494	7405
1494	7408
1504	7410
1510	7412
1511	7415
1502	7417
1494	7420
1490	7422
1495	7425
1494	7428
1503	7430
1500	7433
1498	7435
1511	7438
1509	7440
1501	7442
1497	7445
1494	7447
1486	7450
1483	7452
1486	7454
1488	7457
1483	7459
1482	7462
1482	7464
1481	7467
1481	7470
1492	7472
1507	7475
1500	7477
1492	7479
1490	7482
1499	7484
1499	7487
1510	7489
1510	7491
1501	7494
1493	7496
1484	7499
1483	7501
1488	7503
1488	7506
1484	7508
1490	7512
1486	7514
1483	7517
1488	7519
1494	7521
1486	7524
1483	7526
1480	7529
1478	7531
1494	7533
1494	7536
1489	7538
1479	7541
1479	7543
1498	7545
1504	7548
1505	7550
1500	7554
1495	7556
1486	7558
1479	7561
1473	7563
1469	7566
1490	7568
1493	7570
1482	7573
1479	7575
1493	7578
1494	7580
1489	7583
1480	7585
1472	7587
1479	7590
1485	7592
1487	7596
1503	7598
1507	7600
1504	7603
1498	7605
1489	7608
1480	7610
1472	7612
1482	7615
1486	7617
1479	7620
1475	7622
1470	7624
1464	7627
1462	7629
1460	7632
1471	7634
1482	7636
1502	7640
1503	7642
1487	7645
1472	7647
1465	7650
1475	7652
1488	7654
1477	7657
1474	7659
1473	7662
1481	7664
1494	7666
1495	7669
1482	7671
1475	7674
1472	7676
1502	7678
1522	7682
1517	7684
1494	7687
1481	7689
1464	7691
1456	7694
1458	7696
1468	7699
1472	7701
1491	7703
1498	7706
1483	7708
1473	7711
1461	7713
1454	7716
1449	7718
1447	7720
1458	7724
1481	7726
1482	7729
1481	7731
1495	7733
1491	7736
1478	7738
1469	7741
1471	7743
1479	7745
1488	7748
1489	7750
1496	7753
1501	7755
1504	7757
1483	7760
1471	7762
1477	7766
1471	7768
1458	7770
1453	7773
1452	7775
1453	7778
1456	7780
1460	7782
1458	7785
1460	7787
1477	7790
1477	7792
1473	7795
1487	7797
1503	7799
1516	7802
1519	7804
1499	7808
1478	7810
1470	7812
1470	7815
1470	7817
1467	7820
1469	7822
1471	7824
1468	7827
1472	7829
1492	7832
1519	7834
1513	7836
1494	7839
1480	7841
1469	7844
1466	7846
1466	7848
1467	7852
1477	7854
1472	7857
1473	7859
1476	7861
1467	7864
1465	7866
1465	7869
1464	7871
1468	7874
1468	7876
1466	7878
1466	7881
1467	7883
1477	7886
1481	7888
1484	7890
1488	7894
1498	7896
1496	7899
1483	7901
1480	7903
1479	7906
1472	7908
1469	7911
1470	7913
1471	7915
1470	7918
1470	7920
1474	7923
1480	7925
1481	7927
1481	7930
1482	7932
1481	7936
1480	7938
1480	7941
1481	7943
1484	7945
1482	7948
1481	7950
1480	7953
1478	7955
1479	7957
1491	7960
1491	7962
1486	7965
1482	7967
1480	7969
1477	7972
1481	7974
1484	7977
1489	7980
1485	7982
1484	7985
1486	7987
1487	7990
1486	7992
1483	7994
1481	7997
1478	7999
1477	8002
1480	8004
1487	8007
1485	8009
1482	8011
1482	8014
1483	8016
1486	8019
1498	8022
1496	8024
1492	8027
1491	8029
1489	8032
1489	8034
1489	8036
1496	8039
1499	8041
1495	8044
1494	8046
1494	8048
1497	8051
1491	8053
1488	8056
1488	8058
1486	8060
1485	8064
1483	8066
1483	8069
1489	8071
1492	8073
1492	8076
1489	8078
1487	8081
1484	8083
1485	8085
1489	8088
1491	8090
1498	8093
1497	8095
1495	8097
1497	8100
1496	8102
1493	8105
1490	8108
1489	8110
1488	8113
1488	8115
1490	8118
1491	8120
1489	8123
1490	8125
1490	8127
1489	8130
1488	8132
1487	8135
1487	8137
1488	8139
1487	8142
1486	8144
1486	8147
1486	8150
1485	8152
1485	8155
1486	8157
1487	8160
1494	8162
1492	8164
1490	8167
1488	8169
1486	8172
1486	8174
1484	8176
1485	8179
1493	8181
1494	8184
1492	8186
1491	8188
1497	8192
1496	8194
1489	8197
1485	8199
1482	8202
1481	8204
1482	8206
1482	8209
1481	8211
1480	8214
1479	8216
1478	8218
1479	8221
1480	8223
1479	8226
1478	8228
1477	8230
1476	8233
1476	8236
1476	8239
1477	8241
1477	8243
1478	8246
1478	8248
1479	8251
1482	8253
1482	8255
1483	8258
1487	8260
1486	8263
1489	8265
1494	8267
1490	8270
1487	8272
1487	8275
1496	8278
1497	8281
1491	8283
1485	8285
1482	8288
1481	8290
1479	8293
1478	8295
1478	8297
1478	8300
1479	8302
1480	8305
1480	8307
1481	8309
1481	8312
1482	8314
1484	8317
1484	8320
1485	8322
1485	8325
1485	8327
1485	8330
1486	8332
1486	8334
1487	8337
1487	8339
1489	8342
1493	8344
1494	8346
1493	8349
1493	8351
1492	8354
1496	8356
1498	8359
1497	8361
1495	8364
1494	8367
1493	8369
1493	8372
1492	8374
1490	8376
1490	8379
1489	8381
1489	8384
1490	8386
1491	8388
1490	8391
1490	8393
1490	8396
1490	8398
1490	8400
1490	8403
1491	8406
1491	8409
1492	8411
1491	8413
1491	8416
1492	8418
1493	8421
1496	8423
1498	8425
1501	8428
1501	8430
1498	8433
1497	8435
1497	8437
1497	8440
1499	8442
1500	8445
1498	8448
1496	8451
1494	8453
1493	8455
1492	8458
1492	8460
1491	8463
1492	8465
1492	8467
1492	8470
1493	8472
1493	8475
1493	8477
1494	8479
1494	8482
1494	8484
1494	8487
1494	8489
1494	8492
1495	8495
1496	8497
1496	8500
1498	8502
1503	8504
1510	8507
1510	8509
1507	8512
1504	8514
1501	8517
1499	8519
1499	8521
1498	8524
1498	8526
1499	8529
1500	8531
1502	8534
1504	8537
1504	8539
1503	8542
1502	8544
1502	8546
1502	8549
1502	8551
1502	8554
1502	8556
1503	8558
1503	8561
1503	8563
1504	8566
1504	8568
1506	8570
1508	8573
1508	8576
1508	8579
1507	8581
1507	8583
1506	8586
1506	8588
1506	8591
1510	8593
1513	8596
1515	8598
1515	8600
1513	8603
1510	8605
1509	8608
1509	8610
1508	8612
1508	8615
1509	8617
1509	8621
1508	8623
1507	8625
1506	8628
1505	8630
1505	8633
1505	8635
1506	8637
1507	8640
1507	8642
1506	8645
1506	8647
1506	8649
1507	8652
1507	8654
1507	8657
1508	8659
1508	8663
1509	8665
1509	8667
1509	8670
1509	8672
1509	8675
1511	8677
1512	8679
1510	8682
1510	8684
1512	8687
1515	8689
1515	8691
1515	8694
1515	8696
1514	8699
1513	8701
1512	8704
1511	8707
1511	8709
1511	8712
1511	8714
1510	8716
1509	8719
1509	8721
1511	8724
1513	8726
1511	8729
1510	8731
1509	8733
1509	8736
1508	8738
1508	8741
1508	8743
1508	8745
1508	8749
1508	8751
1508	8754
1508	8756
1509	8758
1508	8761
1509	8763
1510	8766
1512	8768
1515	8770
1515	8773
1513	8775
1513	8778
1513	8780
1513	8782
1515	8785
1513	8787
1511	8791
1510	8793
1510	8796
1511	8798
1511	8800
1510	8803
1510	8805
1509	8808
1508	8810
1507	8812
1508	8815
1508	8817
1507	8820
1507	8822
1508	8824
1508	8827
1508	8829
1508	8833
1508	8835
1508	8837
1507	8840
1508	8842
1508	8845
1510	8847
1512	8849
1513	8852
1512	8854
1509	8857
1509	8859
1508	8861
1508	8864
1510	8866
1511	8869
1509	8871
1508	8875
1507	8877
1506	8879
1505	8882
1507	8884
1509	8887
1509	8889
1509	8891
1510	8894
1509	8896
1507	8899
1505	8901
1503	8903
1503	8906
1503	8908
1503	8911
1502	8913
1502	8915
1504	8919
1502	8921
1501	8924
1499	8926
1498	8928
1498	8931
1498	8933
1498	8936
1499	8938
1499	8940
1497	8943
1496	8945
1496	8948
1496	8950
1496	8953
1496	8955
1495	8957
1494	8961
1494	8963
1493	8966
1493	8968
1494	8970
1495	8973
1495	8975
1495	8978
1495	8980
1495	8982
1494	8985
1493	8987
1493	8990
1493	8992
1494	8994
1493	8997
1494	8999
1494	9003
1494	9005
1493	9007
1493	9010
1492	9012
1492	9015
1492	9017
1492	9019
1492	9022
1492	9024
1492	9027
1492	9029
1492	9032
1492	9034
1492	9036
1493	9039
1494	9041
1493	9044
1493	9047
1494	9049
1493	9052
1493	9054
1492	9057
1492	9059
1492	9061
1491	9064
1492	9066
1492	9069
1491	9071
1491	9073
1491	9076
1493	9078
1492	9081
1492	9083
1492	9085
1492	9089
1492	9091
1492	9094
1492	9096
1492	9098
1492	9101
1493	9103
1493	9106
1494	9108
1494	9111
1496	9113
1496	9115
1496	9118
1496	9120
1496	9123
1497	9125
1497	9127
1497	9131
1497	9133
1499	9136
1501	9138
1503	9140
1501	9143
1500	9145
1499	9148
1498	9150
1498	9152
1497	9155
1497	9157
1498	9160
1498	9162
1497	9164
1495	9167
1494	9169
1494	9172
1494	9175
1494	9178
1494	9180
1493	9182
1493	9185
1493	9187
1494	9190
1493	9192
1492	9194
1492	9197
1492	9199
1492	9202
1492	9204
1493	9206
1494	9209
1493	9211
1492	9214
1492	9217
1492	9219
1492	9222
1492	9224
1492	9227
1492	9229
1493	9232
1493	9234
1493	9236
1494	9239
1493	9241
1494	9244
1494	9246
1494	9248
1494	9251
1496	9253
1497	9256
1497	9259
1496	9261
1496	9264
1496	9266
1497	9269
1496	9271
1496	9273
1496	9276
1497	9278
1497	9281
1497	9283
1497	9285
1498	9288
1498	9290
1498	9293
1499	9295
1499	9298
1500	9300
1502	9303
1503	9306
1502	9308
1502	9311
1501	9313
1501	9315
1501	9318
1501	9320
1501	9323
1501	9325
1501	9327
1502	9330
1507	9332
1508	9335
1506	9337
1504	9339
1503	9342
1501	9345
1500	9348
1500	9350
1500	9352
1500	9355
1501	9357
1501	9360
1502	9362
1502	9365
1501	9367
1501	9369
1501	9372
1500	9374
1500	9377
1500	9379
1500	9381
1500	9384
1500	9387
1500	9390
1501	9392
1501	9394
1501	9397
1501	9399
1502	9402
1502	9404
1503	9406
1503	9409
1504	9411
1504	9414
1504	9416
1504	9418
1504	9421
1505	9423
1507	9426
1507	9428
1507	9432
1508	9434
1510	9436
1511	9439
1511	9441
1510	9444
1509	9446
1509	9448
1509	9451
1509	9453
1509	9456
1510	9458
1510	9460
1511	9463
1511	9465
1510	9468
1510	9470
1511	9473
1511	9476
1511	9478
1511	9481
1512	9483
1512	9485
1512	9488
1512	9490
1513	9493
1512	9495
1512	9498
1512	9500
1512	9502
1512	9505
1513	9507
1513	9510
1513	9512
1511	9515
1511	9518
1510	9520
1510	9523
1510	9525
1511	9527
1512	9530
1511	9532
1511	9535
1511	9537
1511	9539
1510	9542
1509	9544
1508	9547
1508	9549
1508	9551
1508	9554
1507	9556
1507	9560
1508	9562
1509	9565
1508	9567
1507	9569
1507	9572
1506	9574
1505	9577
1506	9579
1505	9581
1505	9584
1506	9586
1505	9589
1505	9591
1506	9593
1507	9596
1508	9598
1507	9602
1506	9604
1507	9606
1507	9609
1507	9611
1507	9614
1508	9616
1508	9618
1508	9621
1509	9623
1510	9626
1511	9628
1515	9631
1516	9633
1515	9635
1514	9638
1513	9640
1512	9644
1512	9646
1513	9648
1512	9651
1512	9653
1512	9656
1511	9658
1510	9660
1510	9663
1510	9665
1510	9668
1510	9670
1510	9672
1510	9675
1510	9677
1510	9680
1510	9682
1510	9684
1510	9688
1510	9690
1510	9693
1510	9695
1510	9698
1510	9700
1510	9702
1509	9705
1510	9707
1513	9710
1515	9712
1515	9714
1512	9717
1511	9719
1511	9722
1511	9724
1511	9726
1511	9730
1510	9732
1510	9735
1508	9737
1508	9739
1509	9742
1509	9744
1510	9747
1512	9749
1512	9751
1511	9754
1511	9756
1511	9759
1510	9761
1511	9764
1511	9766
1510	9768
1510	9772
1511	9774
1511	9777
1510	9779
1510	9781
1510	9784
1511	9786
1512	9789
1512	9791
1512	9793
1512	9796
1512	9798
1513	9801
1515	9803
1516	9805
1514	9808
1514	9810
1514	9814
1514	9816
1512	9818
1512	9821
1513	9823
1513	9826
1513	9828
1512	9831
1513	9833
1514	9835
1515	9838
1514	9840
1512	9843
1512	9845
1512	9847
1512	9850
1512	9852
1513	9856
1513	9858
1513	9860
1512	9863
1511	9865
1511	9868
1510	9870
1510	9872
1510	9875
1510	9877
1510	9880
1510	9882
1509	9884
1509	9887
1509	9889
1509	9892
1510	9894
1510	9897
1510	9900
1509	9902
1509	9905
1510	9907
1509	9910
1509	9912
1509	9914
1509	9917
1509	9919
1508	9922
1509	9924
1509	9926
1508	9929
1508	9931
1509	9934
1510	9936
1510	9938
1510	9942
1510	9944
1510	9947
1510	9949
1510	9951
1510	9954
1509	9956
1509	9959
1509	9961
1508	9964
1508	9966
1509	9968
1510	9971
1509	9973
1508	9976
1507	9978
1507	9980
1507	9984
1507	9986
1507	9989
1507	9991
1507	9993
1507	9996
1506	9998
1506	10001
1505	10003
1505	10006
1505	10008
1505	10010
1506	10013
1507	10015
1507	10018
1507	10020
1506	10023
1506	10025
1505	10029
1505	10031
1504	10034
1506	10036
1505	10038
1504	10041
1503	10043
1503	10046
1504	10048
1505	10051
1506	10053
1506	10056
1505	10058
1504	10061
1506	10063
1506	10066
1505	10068
1504	10071
1504	10074
1503	10076
1501	10079
1501	10081
1500	10084
1500	10086
1500	10089
1500	10091
1500	10094
1500	10096
1500	10098
1500	10101
1500	10103
1500	10106
1500	10108
1501	10112
1501	10114
1500	10117
1500	10119
1500	10122
1500	10124
1500	10126
1501	10129
1501	10131
1503	10134
1504	10136
1503	10139
1502	10141
1502	10144
1502	10146
1502	10149
1501	10151
1501	10153
1500	10157
1500	10159
1501	10162
1501	10164
1501	10167
1500	10169
1499	10172
1500	10174
1500	10177
1499	10179
1499	10182
1499	10184
1499	10186
1499	10189
1500	10191
1500	10194
1500	10196
1502	10200
1501	10202
1501	10205
1502	10207
1502	10210
1502	10212
1502	10214
1503	10217
1503	10219
1504	10222
1504	10224
1504	10227
1504	10229
1504	10232
1504	10234
1504	10237
1505	10240
1505	10242
1506	10245
1507	10247
1508	10250
1509	10252
1507	10255
1508	10257
1510	10260
1509	10262
1507	10265
1507	10267
1506	10270
1505	10272
1504	10274
1503	10277
1503	10279
1502	10283
1502	10285
1503	10288
1503	10290
1503	10293
1502	10295
1502	10298
1502	10300
1501	10302
1501	10305
1501	10307
1501	10310
1501	10312
1500	10315
1500	10317
1500	10320
1501	10322
1501	10326
1502	10328
1501	10330
1501	10333
1500	10335
1500	10338
1501	10340
1503	10343
1502	10345
1501	10348
1500	10350
1500	10353
1499	10355
1498	10357
1498	10360
1497	10362
1497	10365
1498	10368
1499	10371
1501	10373
1501	10376
1499	10378
1498	10381
1498	10383
1497	10386
1496	10388
1496	10390
1496	10393
1495	10395
1495	10398
1495	10400
1494	10403
1494	10405
1494	10408
1494	10411
1494	10414
1494	10416
1494	10418
1494	10421
1493	10423
1492	10426
1492	10428
1492	10431
1492	10433
1492	10436
1491	10438
1492	10441
1493	10443
1492	10445
1493	10448
1494	10450
1493	10454
1494	10456
1495	10459
1495	10461
1495	10464
1495	10466
1494	10469
1494	10471
1495	10474
1496	10476
1497	10478
1496	10481
1495	10483
1495	10486
1496	10488
1495	10491
1495	10493
1494	10497
1494	10499
1494	10502
1494	10504
1494	10506
1494	10509
1494	10511
1494	10514
1494	10516
1494	10519
1494	10521
1494	10524
1494	10526
1494	10529
1493	10531
1492	10533
1492	10536
1492	10539
1492	10542
1493	10544
1493	10547
1494	10549
1494	10552
1493	10554
1493	10557
1493	10559
1492	10562
1493	10564
1493	10566
1493	10569
1494	10571
1494	10574
1493	10576
1493	10579
1492	10582
1492	10585
1493	10587
1493	10590
1492	10592
1492	10594
1492	10597
1492	10599
1491	10602
1491	10604
1492	10607
1492	10609
1493	10612
1493	10614
1493	10617
1492	10619
1493	10621
1493	10625
1493	10627
1493	10630
1493	10632
1493	10635
1493	10637
1494	10640
1494	10642
1494	10645
1493	10647
1493	10650
1494	10652
1494	10654
1493	10657
1493	10659
1494	10662
1494	10664
1494	10668
1494	10670
1494	10673
1495	10675
1495	10678
1496	10680
1496	10682
1495	10685
1496	10687
1496	10690
1496	10692
1496	10695
1495	10697
1494	10700
1493	10702
1495	10705
1495	10707
1496	10710
1498	10713
1499	10715
1498	10718
1498	10720
1496	10723
1495	10725
1494	10728
1494	10730
1493	10733
1493	10735
1493	10737
1494	10740
1494	10742
1494	10745
1494	10747
1494	10750
1494	10753
1494	10756
1493	10758
1493	10761
1493	10763
1493	10766
1493	10768
1493	10770
1494	10773
1494	10775
1494	10778
1494	10780
1495	10783
1495	10785
1496	10788
1496	10790
1495	10793
1497	10796
1498	10798
1498	10801
1497	10803
1497	10806
1497	10808
1497	10811
1497	10813
1496	10816
1496	10818
1496	10821
1496	10823
1497	10825
1496	10828
1496	10830
1496	10833
1496	10835
1495	10839
1495	10841
1495	10844
1495	10846
1495	10849
1495	10851
1494	10854
