⸮X⸮I2C Verbindung gefunden!.
1496	2
1495	4
1494	7
1494	9
1494	11
1494	13
1494	16
1495	18
1495	20
1496	23
1497	25
1499	27
1499	30
1497	32
1494	34
1493	36
1494	39
1494	41
1494	44
1493	47
1493	49
1492	51
1492	54
1493	56
1493	58
1492	61
1491	63
1491	65
1492	67
1492	70
1493	72
1494	74
1495	77
1495	79
1495	81
1493	84
1493	87
1493	89
1494	91
1493	94
1493	96
1493	98
1494	101
1495	103
1494	105
1493	108
1492	110
1491	112
1491	115
1491	117
1492	120
1492	122
1492	124
1492	128
1493	130
1494	132
1495	135
1494	137
1493	139
1493	142
1492	144
1492	146
1492	149
1492	151
1492	153
1492	156
1493	158
1494	161
1494	163
1493	165
1493	168
1492	171
1493	173
1493	176
1493	178
1493	180
1494	183
1495	185
1495	187
1493	190
1495	192
1494	194
1493	197
1492	199
1492	202
1492	204
1492	206
1493	209
1493	211
1493	214
1493	217
1494	219
1493	221
1492	224
1491	226
1490	228
1490	231
1490	233
1490	235
1491	238
1492	240
1492	243
1492	245
1491	247
1492	250
1493	252
1494	254
1494	258
1494	260
1495	262
1497	265
1495	267
1494	269
1494	272
1494	274
1494	277
1494	279
1494	281
1495	284
1495	286
1493	288
1492	291
1492	293
1492	295
1492	299
1491	301
1491	303
1491	306
1492	308
1491	310
1491	313
1491	315
1492	318
1492	320
1492	322
1494	325
1493	327
1493	329
1494	332
1495	334
1496	336
1496	339
1494	342
1494	344
1495	347
1494	349
1492	351
1493	354
1494	356
1494	359
1494	361
1495	363
1495	366
1495	368
1495	370
1494	373
1494	375
1494	377
1495	380
1496	382
1496	385
1497	388
1497	390
1498	393
1498	395
1498	397
1499	400
1498	402
1498	404
1497	407
1495	409
1495	411
1495	414
1494	416
1495	418
1495	421
1495	423
1495	425
1495	429
1495	431
1495	434
1495	436
1494	438
1493	441
1492	443
1492	445
1493	448
1493	450
1493	452
1493	455
1494	457
1494	459
1494	462
1495	464
1494	466
1491	470
1490	472
1492	475
1492	477
1493	479
1494	482
1494	484
1493	486
1493	489
1493	491
1492	493
1491	496
1489	498
1488	500
1487	503
1488	505
1488	508
1489	510
1489	513
1490	516
1490	518
1491	520
1491	523
1492	525
1492	527
1492	530
1491	532
1491	534
1492	537
1490	539
1489	541
1490	544
1490	546
1491	549
1492	551
1492	553
1491	557
1490	559
1488	561
1488	564
1489	566
1491	568
1492	571
1493	573
1494	575
1494	578
1494	580
1494	582
1494	585
1492	587
1491	590
1492	592
1494	594
1495	598
1494	600
1493	602
1493	605
1493	607
1494	609
1496	612
1496	614
1496	616
1496	619
1495	621
1495	624
1494	626
1495	628
1495	631
1494	633
1494	635
1494	638
1493	641
1494	643
1494	646
1494	648
1494	650
1494	653
1495	655
1496	657
1497	660
1496	662
1496	665
1495	667
1495	669
1494	672
1494	674
1494	676
1496	679
1496	681
1496	684
1495	687
1495	689
1495	691
1495	694
1493	696
1492	699
1492	701
1492	703
1493	706
1493	708
1494	710
1494	713
1493	715
1493	717
1493	720
1493	722
1493	724
1492	728
1491	730
1491	732
1492	735
1494	737
1493	740
1492	742
1492	744
1491	747
1491	749
1491	751
1491	754
1490	756
1489	758
1487	761
1488	763
1488	765
1489	769
1490	771
1491	774
1491	776
1490	778
1490	781
1491	783
1490	785
1490	788
1489	790
1488	792
1486	795
1486	797
1486	799
1487	802
1488	804
1488	806
1488	809
1487	812
1486	815
1486	817
1486	819
1486	822
1486	824
1487	826
1488	829
1488	831
1488	833
1488	836
1488	838
1489	840
1490	843
1491	845
1490	847
1489	850
1488	852
1488	856
1487	858
1487	860
1488	863
1488	865
1488	867
1489	870
1489	872
1488	874
1488	877
1489	879
1489	881
1488	884
1487	886
1487	889
1487	891
1489	893
1490	897
1488	899
1487	901
1488	904
1489	906
1488	908
1488	911
1488	913
1488	915
1489	918
1490	920
1489	922
1489	925
1489	927
1488	930
1486	932
1487	934
1490	937
1491	940
1491	942
1492	945
1492	947
1492	949
1491	952
1491	954
1491	956
1490	959
1490	961
1490	963
1490	966
1490	968
1490	971
1489	973
1489	975
1490	978
1491	980
1491	983
1490	986
1490	988
1490	990
1491	993
1492	995
1490	997
1490	1000
1491	1002
1493	1005
1492	1007
1492	1009
1492	1012
1491	1014
1491	1017
1492	1019
1492	1021
1492	1025
1492	1027
1491	1030
1490	1032
1489	1035
1490	1037
1490	1039
1491	1042
1491	1044
1491	1047
1490	1049
1489	1051
1489	1054
1488	1056
1489	1059
1489	1061
1490	1063
1490	1067
1488	1069
1487	1072
1488	1074
1490	1076
1492	1079
1492	1081
1490	1084
1489	1086
1489	1088
1490	1091
1491	1093
1492	1096
1492	1098
1491	1100
1491	1103
1491	1105
1492	1108
1491	1111
1491	1113
1491	1116
1490	1118
1489	1121
1489	1123
1489	1125
1490	1128
1490	1130
1489	1133
1490	1135
1490	1138
1491	1140
1490	1142
1490	1145
1490	1147
1491	1150
1492	1153
1490	1155
1488	1158
1487	1160
1488	1163
1488	1165
1489	1167
1490	1170
1489	1172
1487	1175
1486	1177
1487	1179
1488	1182
1489	1184
1491	1187
1491	1189
1491	1191
1490	1195
1489	1197
1489	1200
1489	1202
1489	1204
1489	1207
1489	1209
1490	1212
1491	1214
1493	1216
1492	1219
1491	1221
1490	1224
1488	1226
1487	1228
1488	1231
1489	1233
1489	1236
1488	1239
1487	1242
1487	1244
1487	1246
1488	1249
1489	1251
1489	1254
1489	1256
1488	1258
1488	1261
1488	1263
1487	1266
1487	1268
1487	1270
1486	1273
1486	1275
1487	1278
1488	1281
1488	1283
1488	1286
1488	1288
1487	1291
1487	1293
1488	1295
1489	1298
1490	1300
1489	1303
1489	1305
1488	1307
1489	1310
1490	1312
1493	1315
1495	1317
1495	1319
1493	1323
1491	1325
1490	1328
1487	1330
1487	1332
1486	1335
1486	1337
1488	1340
1490	1342
1492	1345
1492	1347
1490	1349
1490	1352
1489	1354
1489	1357
1487	1359
1487	1361
1488	1364
1490	1367
1489	1370
1489	1372
1490	1374
1490	1377
1488	1379
1487	1382
1488	1384
1489	1386
1490	1389
1489	1391
1489	1394
1488	1396
1489	1398
1489	1401
1490	1403
1488	1406
1487	1409
1488	1411
1489	1414
1490	1416
1489	1419
1487	1421
1485	1423
1487	1426
1492	1428
1494	1431
1490	1433
1487	1435
1491	1438
1493	1440
1493	1443
1493	1445
1493	1448
1494	1451
1494	1453
1495	1456
1501	1458
1505	1461
1504	1463
1502	1465
1504	1468
1506	1470
1511	1473
1512	1475
1504	1477
1498	1480
1502	1482
1506	1485
1504	1487
1503	1489
1507	1492
1510	1495
1508	1498
1507	1500
1503	1502
1503	1505
1503	1507
1502	1510
1509	1512
1516	1514
1521	1517
1525	1519
1525	1522
1519	1524
1510	1527
1509	1529
1508	1531
1502	1534
1500	1537
1500	1540
1504	1542
1499	1544
1497	1547
1501	1549
1504	1552
1510	1554
1515	1556
1523	1559
1519	1561
1505	1564
1498	1566
1495	1568
1490	1571
1488	1573
1504	1576
1521	1579
1519	1581
1503	1584
1485	1586
1472	1589
1481	1591
1495	1593
1499	1596
1496	1598
1496	1601
1493	1603
1489	1606
1486	1608
1494	1610
1501	1613
1506	1615
1499	1618
1490	1620
1491	1623
1499	1626
1501	1628
1491	1631
1481	1633
1476	1635
1476	1638
1473	1640
1464	1643
1464	1645
1472	1647
1475	1650
1467	1652
1479	1655
1495	1657
1495	1659
1479	1662
1484	1665
1482	1668
1470	1670
1462	1672
1463	1675
1456	1677
1455	1680
1472	1682
1492	1684
1491	1687
1485	1689
1487	1692
1486	1694
1469	1696
1460	1699
1453	1701
1454	1704
1462	1707
1463	1709
1461	1712
1459	1714
1459	1717
1473	1719
1491	1722
1500	1724
1490	1726
1476	1729
1462	1731
1451	1734
1458	1736
1464	1738
1465	1741
1461	1743
1469	1746
1486	1748
1486	1751
1463	1754
1456	1756
1453	1759
1453	1761
1457	1763
1447	1766
1436	1768
1447	1771
1463	1773
1473	1775
1482	1778
1481	1780
1479	1783
1471	1785
1465	1787
1481	1790
1473	1793
1448	1796
1447	1798
1460	1800
1463	1803
1459	1805
1456	1808
1463	1810
1462	1812
1461	1815
1473	1817
1482	1820
1472	1822
1468	1825
1482	1827
1491	1829
1485	1832
1471	1835
1459	1838
1470	1840
1483	1842
1488	1845
1487	1847
1481	1850
1478	1852
1483	1854
1477	1857
1455	1859
1454	1862
1470	1864
1477	1866
1480	1869
1483	1871
1478	1874
1468	1876
1465	1879
1468	1882
1463	1884
1466	1887
1484	1889
1497	1891
1486	1894
1476	1896
1478	1899
1478	1901
1474	1903
1481	1906
1493	1908
1498	1911
1500	1913
1489	1915
1478	1918
1480	1921
1492	1924
1503	1926
1498	1929
1489	1931
1480	1933
1471	1936
1464	1938
1460	1941
1463	1943
1480	1945
1501	1948
1497	1950
1484	1953
1481	1955
1485	1957
1489	1960
1494	1963
1497	1966
1495	1968
1487	1970
1484	1973
1488	1975
1490	1978
1496	1980
1501	1982
1519	1985
1549	1987
1525	1990
1480	1992
1473	1994
1483	1997
1490	1999
1496	2002
1493	2004
1488	2007
1488	2010
1490	2012
1492	2015
1497	2017
1509	2020
1499	2022
1487	2024
1487	2027
1485	2029
1482	2032
1485	2034
1490	2036
1495	2039
1508	2041
1508	2044
1497	2046
1476	2049
1476	2052
1485	2054
1489	2057
1491	2059
1500	2061
1509	2064
1509	2066
1503	2069
1484	2071
1482	2073
1492	2076
1506	2078
1505	2081
1504	2083
1500	2085
1482	2088
1484	2091
1492	2094
1485	2096
1487	2098
1490	2101
1481	2103
1476	2106
1491	2108
1509	2111
1499	2113
1489	2115
1481	2118
1483	2120
1495	2123
1508	2125
1511	2127
1494	2130
1488	2132
1499	2136
1508	2138
1501	2140
1492	2143
1488	2145
1479	2148
1476	2150
1486	2152
1502	2155
1505	2157
1488	2160
1492	2162
1497	2164
1490	2167
1481	2169
1483	2172
1492	2174
1497	2177
1502	2180
1508	2182
1502	2185
1500	2187
1506	2190
1498	2192
1494	2194
1499	2197
1492	2199
1485	2202
1482	2204
1483	2206
1496	2209
1503	2211
1500	2214
1492	2216
1493	2219
1499	2222
1498	2224
1500	2227
1502	2229
1495	2231
1480	2234
1481	2236
1488	2239
1479	2241
1472	2243
1480	2246
1481	2248
1486	2251
1483	2253
1482	2255
1487	2258
1482	2260
1475	2264
1499	2266
1515	2269
1512	2271
1519	2273
1516	2276
1500	2278
1487	2281
1485	2283
1484	2285
1478	2288
1478	2290
1483	2293
1491	2295
1500	2297
1506	2300
1513	2302
1514	2306
1511	2308
1494	2310
1480	2313
1476	2315
1474	2318
1477	2320
1484	2322
1495	2325
1498	2327
1506	2330
1504	2332
1489	2334
1484	2337
1501	2339
1505	2342
1492	2344
1489	2347
1487	2350
1483	2352
1487	2355
1495	2357
1497	2360
1492	2362
1474	2364
1472	2367
1478	2369
1481	2372
1495	2374
1504	2376
1479	2379
1466	2381
1486	2384
1496	2386
1491	2388
1487	2392
1486	2394
1492	2397
1506	2399
1513	2401
1512	2404
1506	2406
1497	2409
1495	2411
1490	2413
1489	2416
1487	2418
1485	2421
1485	2423
1482	2425
1479	2428
1478	2430
1489	2434
1496	2436
1492	2439
1494	2441
1495	2443
1491	2446
1493	2448
1492	2451
1486	2453
1495	2455
1508	2458
1512	2460
1506	2463
1490	2465
1488	2467
1487	2470
1480	2472
1479	2476
1483	2478
1481	2480
1479	2483
1477	2485
1484	2488
1497	2490
1513	2492
1517	2495
1499	2497
1486	2500
1487	2502
1492	2504
1489	2507
1489	2509
1489	2512
1492	2514
1482	2518
1476	2520
1480	2522
1486	2525
1504	2527
1506	2530
1496	2532
1495	2534
1507	2537
1501	2539
1490	2542
1488	2544
1488	2546
1488	2549
1494	2551
1495	2554
1492	2556
1488	2558
1482	2562
1481	2564
1494	2567
1504	2569
1510	2571
1506	2574
1489	2576
1479	2579
1470	2581
1478	2583
1497	2586
1509	2588
1502	2591
1494	2593
1497	2596
1520	2598
1536	2600
1525	2604
1507	2606
1508	2609
1518	2611
1519	2613
1506	2616
1502	2618
1499	2621
1493	2623
1481	2625
1476	2628
1479	2630
1479	2633
1473	2635
1475	2637
1486	2640
1489	2642
1496	2646
1519	2648
1532	2650
1519	2653
1512	2655
1509	2658
1495	2660
1490	2662
1493	2665
1498	2667
1503	2670
1505	2672
1497	2674
1496	2677
1503	2679
1500	2682
1498	2684
1497	2688
1497	2690
1495	2692
1494	2695
1502	2697
1504	2700
1497	2702
1502	2704
1500	2707
1489	2709
1483	2712
1490	2714
1508	2716
1510	2719
1500	2721
1497	2724
1504	2726
1525	2728
1534	2732
1513	2734
1501	2737
1486	2739
1479	2741
1480	2744
1484	2746
1490	2749
1495	2751
1496	2753
1498	2756
1493	2758
1488	2761
1493	2763
1493	2765
1493	2768
1502	2770
1505	2774
1499	2776
1490	2779
1488	2781
1496	2783
1505	2786
1504	2788
1499	2791
1501	2793
1504	2795
1508	2798
1499	2800
1490	2803
1483	2805
1483	2807
1490	2810
1490	2812
1492	2816
1502	2818
1507	2820
1490	2823
1496	2825
1503	2828
1501	2830
1499	2832
1503	2835
1493	2837
1486	2840
1486	2842
1487	2844
1496	2847
1505	2849
1507	2852
1503	2854
1498	2856
1480	2860
1473	2862
1480	2865
1487	2867
1490	2870
1492	2872
1490	2874
1483	2877
1488	2879
1504	2882
1502	2884
1507	2886
1505	2889
1494	2891
1493	2894
1497	2896
1499	2898
1493	2902
1482	2904
1484	2907
1482	2909
1476	2911
1482	2914
1483	2916
1486	2919
1502	2921
1507	2923
1497	2926
1494	2928
1503	2931
1519	2933
1514	2935
1499	2938
1496	2940
1495	2944
1504	2946
1514	2949
1506	2951
1501	2953
1508	2956
1507	2958
1503	2961
1499	2963
1491	2965
1490	2968
1490	2970
1493	2973
1491	2975
1486	2977
1483	2980
1482	2982
1488	2985
1499	2988
1500	2990
1507	2993
1511	2995
1494	2998
1490	3000
1509	3002
1535	3005
1545	3007
1542	3010
1533	3012
1516	3014
1490	3017
1481	3019
1502	3022
1532	3024
1552	3027
1563	3030
1547	3032
1512	3035
1483	3037
1473	3040
1461	3042
1465	3044
1484	3047
1514	3049
1534	3052
1524	3054
1507	3056
1517	3059
1508	3061
1504	3064
1510	3066
1495	3068
1478	3072
1481	3074
1495	3077
1497	3079
1496	3081
1511	3084
1500	3086
1478	3089
1463	3091
1458	3093
1466	3096
1469	3098
1467	3101
1463	3103
1482	3106
1512	3108
1501	3110
1479	3113
1469	3116
1470	3119
1477	3121
1474	3123
1462	3126
1468	3128
1484	3131
1487	3133
1482	3135
1480	3138
1466	3140
1459	3143
1475	3145
1489	3147
1490	3150
1480	3152
1479	3155
1475	3158
1475	3160
1479	3163
1496	3165
1502	3168
1489	3170
1487	3173
1479	3175
1477	3177
1483	3180
1482	3182
1492	3185
1489	3187
1479	3189
1475	3192
1478	3194
1491	3197
1508	3200
1495	3202
1477	3205
1472	3207
1466	3210
1461	3212
1457	3214
1477	3217
1527	3219
1544	3222
1509	3224
1482	3226
1470	3229
1464	3231
1473	3234
1494	3236
1502	3238
1508	3241
1522	3244
1519	3247
1492	3249
1483	3251
1492	3254
1517	3256
1534	3259
1519	3261
1515	3264
1543	3266
1584	3268
1623	3271
1653	3273
1616	3276
1551	3278
1538	3280
1546	3283
1526	3286
1491	3289
1473	3291
1492	3293
1504	3296
1482	3298
1467	3301
1465	3303
1484	3305
1528	3308
1541	3310
1515	3313
1471	3315
1471	3317
1497	3320
1496	3322
1472	3325
1466	3328
1472	3330
1492	3333
1495	3335
1472	3338
1458	3340
1457	3342
1475	3345
1482	3347
1475	3350
1476	3352
1483	3355
1480	3357
1484	3359
1474	3362
1463	3364
1458	3367
1456	3369
1461	3372
1464	3375
1472	3377
1505	3380
1515	3382
1480	3384
1469	3387
1472	3389
1490	3392
1485	3394
1467	3396
1455	3399
1457	3401
1477	3404
1495	3406
1489	3408
1479	3411
1472	3414
1468	3417
1476	3419
1472	3421
1468	3424
1455	3426
1457	3429
1460	3431
1456	3433
1451	3436
1454	3438
1475	3441
1484	3443
1471	3446
1469	3448
1469	3450
1477	3453
1480	3456
1482	3459
1491	3461
1484	3463
1485	3466
1488	3468
1482	3471
1476	3473
1470	3475
1464	3478
1452	3480
1452	3483
1453	3485
1460	3487
1484	3490
1497	3492
1483	3495
1475	3497
1465	3500
1466	3503
1476	3505
1488	3508
1484	3510
1480	3512
1480	3515
1475	3517
1483	3520
1491	3522
1486	3524
1470	3527
1457	3529
1462	3532
1493	3534
1504	3537
1489	3539
1469	3542
1461	3545
1470	3547
1485	3550
1494	3552
1488	3554
1467	3557
1463	3559
1459	3562
1463	3564
1478	3566
1467	3569
1453	3571
1468	3574
1485	3576
1484	3578
1481	3581
1475	3584
1470	3587
1477	3589
1501	3591
1502	3594
1488	3596
1478	3599
1473	3601
1479	3603
1493	3606
1487	3608
1469	3611
1461	3613
1470	3616
1494	3618
1516	3620
1504	3623
1475	3625
1460	3629
1462	3631
1474	3633
1474	3636
1479	3638
1477	3641
1475	3643
1473	3645
1462	3648
1446	3650
1452	3653
1473	3655
1489	3657
1492	3660
1490	3662
1484	3665
1486	3667
1486	3670
1482	3673
1491	3675
1484	3678
1479	3680
1488	3682
1479	3685
1476	3687
1487	3690
1488	3692
1477	3695
1470	3697
1479	3699
1492	3702
1479	3704
1474	3707
1489	3709
1492	3712
1483	3715
1472	3717
1472	3720
1472	3722
1481	3724
1497	3727
1506	3729
1495	3732
1478	3734
1472	3736
1471	3739
1477	3741
1499	3744
1499	3746
1489	3748
1473	3751
1455	3753
1451	3757
1456	3759
1461	3761
1484	3764
1497	3766
1479	3769
1464	3771
1456	3774
1468	3776
1497	3778
1513	3781
1505	3783
1496	3786
1483	3788
1474	3790
1475	3793
1479	3795
1483	3799
1481	3801
1467	3803
1464	3806
1468	3808
1484	3811
1492	3813
1490	3815
1483	3818
1500	3820
1509	3823
1487	3825
1482	3827
1480	3830
1480	3832
1478	3835
1466	3837
1456	3841
1456	3843
1461	3845
1472	3848
1488	3850
1501	3853
1509	3855
1513	3857
1512	3860
1510	3862
1491	3865
1476	3867
1469	3869
1475	3872
1484	3874
1483	3877
1482	3879
1480	3881
1464	3885
1444	3887
1449	3890
1473	3892
1493	3894
1488	3897
1487	3899
1487	3902
1473	3904
1463	3906
1473	3909
1485	3911
1471	3914
1460	3916
1464	3919
1472	3921
1485	3923
1501	3927
1515	3929
1507	3932
1488	3934
1472	3936
1475	3939
1488	3941
1494	3944
1476	3946
1463	3948
1482	3951
1505	3953
1511	3956
1498	3958
1475	3960
1462	3963
1454	3965
1457	3969
1463	3971
1467	3973
1464	3976
1464	3978
1470	3981
1494	3983
1511	3985
1491	3988
1474	3990
1468	3993
1476	3995
1474	3998
1460	4000
1456	4002
1475	4005
1497	4007
1497	4011
1499	4013
1512	4015
1517	4018
1490	4020
1476	4023
1483	4025
1487	4027
1484	4030
1481	4032
1482	4035
1485	4037
1476	4039
1464	4042
1453	4044
1447	4047
1458	4049
1470	4051
1471	4055
1479	4057
1489	4060
1482	4062
1482	4064
1493	4067
1492	4069
1498	4072
1497	4074
1496	4076
1490	4079
1489	4081
1485	4084
1472	4086
1465	4089
1467	4091
1477	4093
1480	4097
1475	4099
1472	4102
1466	4104
1475	4106
1487	4109
1486	4111
1473	4114
1475	4116
1478	4118
1473	4121
1470	4123
1476	4126
1480	4128
1475	4130
1478	4133
1483	4135
1482	4139
1488	4141
1491	4143
1476	4146
1464	4148
1482	4151
1504	4153
1492	4155
1483	4158
1475	4160
1486	4163
1498	4165
1491	4167
1479	4170
1481	4172
1489	4175
1491	4177
1483	4180
1477	4183
1473	4185
1465	4188
1468	4190
1479	4193
1485	4195
1489	4197
1485	4200
1487	4202
1476	4205
1464	4207
1472	4209
1482	4212
1493	4214
1498	4217
1497	4219
1506	4221
1508	4225
1498	4227
1490	4230
1495	4232
1499	4234
1483	4237
1480	4239
1478	4242
1471	4244
1478	4246
1482	4249
1473	4251
1483	4254
1489	4256
1487	4258
1484	4261
1483	4263
1477	4267
1472	4269
1469	4272
1475	4274
1485	4276
1487	4279
1479	4281
1477	4284
1485	4286
1489	4288
1496	4291
1507	4293
1508	4296
1501	4298
1490	4300
1490	4303
1496	4305
1492	4308
1490	4311
1498	4313
1507	4316
1510	4318
1493	4321
1467	4323
1453	4325
1472	4328
1485	4330
1477	4333
1469	4335
1466	4337
1470	4340
1487	4342
1512	4345
1510	4347
1509	4350
1514	4353
1508	4355
1493	4358
1492	4360
1493	4363
1482	4365
1472	4367
1479	4370
1498	4372
1493	4375
1481	4377
1464	4379
1462	4382
1473	4384
1485	4387
1487	4389
1489	4391
1485	4395
1484	4397
1483	4400
1484	4402
1497	4404
1504	4407
1496	4409
1481	4412
1476	4414
1483	4416
1484	4419
1481	4421
1483	4424
1476	4426
1463	4429
1472	4431
1490	4433
1490	4436
1476	4439
1480	4442
1477	4444
1463	4446
1467	4449
1477	4451
1488	4454
1489	4456
1492	4458
1504	4461
1498	4463
1478	4466
1477	4468
1476	4470
1484	4473
1492	4475
1486	4478
1475	4481
1467	4483
1468	4486
1489	4488
1496	4491
1492	4493
1491	4495
1497	4498
1487	4500
1470	4503
1464	4505
1466	4508
1486	4510
1502	4512
1486	4515
1462	4517
1467	4520
1475	4523
1481	4525
1480	4528
1473	4530
1484	4533
1496	4535
1498	4537
1482	4540
1472	4542
1475	4545
1480	4547
1483	4549
1488	4552
1491	4554
1488	4557
1484	4559
1487	4561
1487	4564
1484	4567
1483	4570
1484	4572
1493	4574
1505	4577
1505	4579
1497	4582
1488	4584
1480	4587
1476	4589
1477	4591
1479	4594
1469	4596
1452	4599
1453	4601
1464	4603
1483	4606
1493	4609
1485	4612
1487	4614
1490	4616
1487	4619
1487	4621
1488	4624
1494	4626
1498	4628
1495	4631
1491	4633
1483	4636
1481	4638
1478	4640
1467	4643
1472	4645
1488	4648
1494	4651
1496	4653
1488	4656
1490	4658
1504	4661
1502	4663
1486	4666
1485	4668
1486	4670
1485	4673
1484	4675
1483	4678
1483	4680
1484	4682
1484	4685
1485	4687
1484	4690
1485	4692
1485	4695
1485	4698
1484	4700
1482	4703
1483	4705
1487	4707
1493	4710
1495	4712
1495	4715
1495	4717
1494	4719
1492	4722
1489	4724
1490	4727
1492	4729
1499	4731
1501	4734
1494	4737
1493	4740
1494	4742
1496	4745
1497	4747
1494	4749
1494	4752
1498	4754
1500	4757
1502	4759
1498	4761
1496	4764
1492	4766
1491	4769
1490	4771
1492	4773
1496	4776
1494	4779
1489	4782
1488	4784
1490	4786
1494	4789
1499	4791
1497	4794
1493	4796
1494	4798
1494	4801
1489	4803
1484	4806
1486	4808
1489	4811
1495	4813
1501	4815
1503	4818
1500	4820
1495	4824
1493	4826
1493	4828
1495	4831
1500	4833
1503	4836
1503	4838
1500	4840
1498	4843
1495	4845
1493	4848
1492	4850
1493	4852
1494	4855
1496	4857
1499	4860
1497	4862
1490	4865
1489	4868
1491	4870
1495	4873
1498	4875
1498	4877
1498	4880
1500	4882
1499	4885
1496	4887
1492	4889
1492	4892
1494	4894
1498	4897
1502	4899
1502	4902
1503	4904
1501	4907
1500	4910
1499	4912
1500	4915
1506	4917
1511	4919
1509	4922
1503	4924
1502	4927
1501	4929
1501	4931
1500	4934
1500	4936
1501	4939
1500	4941
1500	4943
1497	4946
1494	4948
1493	4952
1494	4954
1495	4956
1495	4959
1495	4961
1497	4964
1502	4966
1505	4969
1505	4971
1503	4973
1499	4976
1500	4978
1501	4981
1502	4983
1505	4985
1510	4988
1513	4990
1508	4994
1506	4996
1504	4998
1504	5001
1502	5003
1500	5006
1499	5008
1500	5010
1500	5013
1501	5015
1501	5018
1501	5020
1501	5022
1499	5025
1498	5027
1497	5030
1496	5032
1495	5036
1495	5038
1497	5040
1499	5043
1499	5045
1499	5048
1499	5050
1501	5052
1503	5055
1503	5057
1502	5060
1502	5062
1502	5064
1503	5067
1504	5069
1504	5072
1502	5074
1502	5076
1502	5080
1502	5082
1502	5085
1500	5087
1499	5089
1500	5092
1500	5094
1498	5097
1497	5099
1498	5102
1499	5104
1499	5106
1498	5109
1497	5111
1495	5114
1496	5116
1497	5118
1498	5122
1499	5124
1500	5127
1500	5129
1497	5131
1496	5134
1496	5136
1497	5139
1498	5141
1499	5143
1499	5146
1500	5148
1500	5151
1500	5153
1499	5155
1499	5158
1498	5160
1498	5164
1499	5166
1499	5168
1500	5171
1500	5173
1499	5176
1499	5178
1498	5181
1497	5183
1496	5185
1497	5188
1498	5190
1499	5193
1500	5195
1501	5197
1502	5200
1501	5202
1499	5206
1500	5208
1500	5210
1500	5213
1500	5215
1501	5218
1501	5220
1501	5222
1500	5225
1500	5227
1499	5230
1500	5232
1500	5234
1500	5237
1500	5239
1499	5242
1498	5244
1497	5246
1497	5250
1497	5252
1498	5255
1499	5257
1500	5259
1501	5262
1499	5264
1496	5267
1495	5269
1497	5272
1499	5274
1499	5276
1499	5279
1500	5281
1500	5284
1500	5286
1500	5288
1499	5292
1498	5294
1497	5297
1498	5299
1498	5301
1498	5304
1497	5306
1497	5309
1497	5311
1497	5313
1496	5316
1496	5318
1496	5321
1496	5323
1496	5325
1495	5328
1495	5330
1495	5334
1496	5336
1497	5338
1498	5341
1497	5343
1496	5346
1497	5348
1497	5351
1497	5353
1497	5355
1497	5358
1498	5360
1498	5363
1498	5365
1498	5367
1498	5370
1498	5372
1498	5376
1499	5378
1497	5380
1497	5383
1497	5385
1497	5388
1497	5390
1497	5392
1497	5395
1497	5397
1497	5400
1496	5402
1495	5404
1495	5407
1494	5409
1494	5412
1495	5414
1495	5416
1496	5420
1496	5422
1495	5425
1494	5427
1494	5430
1495	5432
1495	5434
1496	5437
1496	5439
1496	5442
1497	5444
1498	5446
1496	5449
1495	5451
1496	5454
1497	5456
1497	5458
1497	5462
1497	5464
1496	5467
1495	5469
1495	5471
1496	5474
1496	5476
1496	5479
1496	5481
1495	5483
1495	5486
1495	5488
1495	5491
1495	5493
1495	5495
1495	5498
1496	5500
1495	5504
1493	5506
1492	5508
1493	5511
1493	5513
1493	5516
1494	5518
1494	5521
1495	5523
1496	5525
1495	5528
1495	5530
1494	5533
1495	5535
1496	5537
1495	5540
1494	5542
1494	5545
1493	5548
1493	5550
1494	5553
1495	5555
1495	5558
1495	5560
1495	5562
1496	5565
1495	5567
1494	5570
1492	5572
1492	5574
1492	5577
1495	5579
1496	5582
1494	5584
1491	5587
1492	5590
1492	5592
1493	5595
1494	5597
1494	5600
1494	5602
1494	5604
1494	5607
1493	5609
1492	5612
1492	5614
1492	5616
1492	5619
1492	5621
1492	5624
1492	5626
1492	5628
1492	5632
1490	5634
1489	5637
1489	5639
1490	5641
1491	5644
1491	5646
1491	5649
1491	5651
1491	5653
1492	5656
1492	5658
1492	5661
1492	5663
1490	5666
1490	5668
1491	5670
1491	5673
1492	5676
1492	5679
1493	5681
1494	5683
1493	5686
1492	5688
1490	5691
1490	5693
1491	5695
1492	5698
1492	5700
1492	5703
1492	5705
1493	5707
1493	5710
1494	5712
1494	5715
1493	5718
1492	5720
1493	5723
1493	5725
1492	5728
1490	5730
1491	5732
1492	5735
1492	5737
1493	5740
1493	5742
1493	5745
1494	5747
1493	5749
1492	5752
1490	5754
1491	5757
1492	5760
1492	5762
1491	5765
1491	5767
1490	5770
1490	5772
1491	5774
1491	5777
1491	5779
1491	5782
1490	5784
1490	5786
1490	5789
1490	5791
1491	5794
1491	5796
1492	5798
1490	5801
1490	5804
1490	5807
1490	5809
1489	5811
1489	5814
1489	5816
1490	5819
1492	5821
1492	5824
1491	5826
1489	5828
1489	5831
1490	5833
1491	5836
1492	5838
1492	5840
1492	5843
1491	5846
1489	5849
1489	5851
1490	5853
1491	5856
1490	5858
1490	5861
1491	5863
1491	5865
1492	5868
1492	5870
1492	5873
1491	5875
1491	5877
1491	5880
1491	5882
1491	5885
1491	5888
1491	5890
1491	5893
1491	5895
1491	5898
1491	5900
1492	5903
1493	5905
1493	5907
1494	5910
1493	5912
1492	5915
1492	5917
1493	5919
1494	5922
1494	5924
1494	5927
1494	5929
1494	5932
1494	5935
1495	5937
1496	5940
1497	5942
1496	5944
1495	5947
1495	5949
1496	5952
1496	5954
1497	5956
1497	5959
1497	5961
1497	5964
1497	5966
1495	5968
1495	5971
1495	5974
1496	5977
1497	5979
1498	5982
1497	5984
1497	5986
1497	5989
1497	5991
1496	5994
1495	5996
1494	5998
1494	6001
1495	6003
1496	6006
1497	6008
1497	6010
1498	6013
1498	6016
1498	6019
1498	6021
1498	6023
1498	6026
1497	6028
1496	6031
1496	6033
1496	6035
1497	6038
1497	6040
1498	6043
1498	6045
1498	6048
1498	6050
1498	6052
1498	6055
1498	6057
1498	6061
1497	6063
1494	6065
1492	6068
