⸮⸮I2C Verbindung gefunden!.
1496	2
1496	4
1495	7
1495	9
1495	11
1495	13
1495	16
1495	18
1496	20
1496	23
1495	25
1495	27
1494	30
1494	32
1495	34
1496	36
1496	39
1497	41
1499	44
1499	47
1498	49
1496	51
1496	54
1494	56
1494	58
1494	61
1494	63
1494	65
1494	67
1494	70
1495	72
1496	74
1497	77
1497	79
1497	81
1498	84
1497	87
1497	89
1496	91
1496	94
1495	96
1495	98
1495	101
1494	103
1495	105
1497	108
1499	110
1501	112
1500	115
1499	117
1497	120
1497	122
1496	124
1497	128
1498	130
1498	132
1498	135
1498	137
1499	139
1499	142
1498	144
1498	146
1498	149
1497	151
1498	153
1497	156
1496	158
1496	161
1497	163
1497	165
1498	168
1499	171
1500	173
1500	176
1500	178
1501	180
1500	183
1500	185
1500	187
1500	190
1500	192
1500	194
1501	197
1504	199
1505	202
1504	204
1504	206
1502	209
1502	211
1502	214
1502	217
1502	219
1501	221
1501	224
1501	226
1501	228
1505	231
1507	233
1505	236
1503	238
1501	240
1501	243
1501	245
1501	247
1501	250
1501	252
1501	254
1500	258
1500	260
1501	262
1501	265
1501	267
1501	269
1500	272
1499	274
1500	277
1501	279
1500	281
1500	284
1501	286
1501	288
1501	291
1502	293
1503	295
1503	299
1502	301
1502	303
1502	306
1502	308
1503	310
1502	313
1502	315
1501	318
1501	320
1501	322
1502	325
1502	327
1502	329
1500	332
1500	334
1501	336
1500	339
1500	342
1499	344
1500	347
1500	349
1500	352
1501	354
1502	356
1501	359
1500	361
1501	363
1501	366
1501	368
1501	370
1500	373
1500	375
1500	377
1500	380
1500	382
1500	385
1502	388
1502	390
1502	393
1501	395
1501	397
1502	400
1502	402
1502	404
1501	407
1501	409
1499	411
1500	414
1501	416
1502	418
1502	421
1501	423
1501	425
1501	429
1501	431
1501	434
1502	436
1501	438
1501	441
1500	443
1501	445
1501	448
1500	450
1500	452
1500	455
1500	457
1500	459
1500	462
1498	464
1497	467
1497	470
1496	472
1497	475
1497	477
1498	479
1497	482
1498	484
1499	486
1500	489
1500	491
1500	493
1501	496
1499	498
1500	500
1501	503
1502	505
1502	508
1503	510
1502	513
1501	516
1501	518
1501	520
1499	523
1498	525
1498	527
1498	530
1499	532
1499	534
1500	537
1499	539
1499	541
1500	544
1500	546
1499	549
1498	551
1498	553
1500	557
1501	559
1500	561
1499	564
1499	566
1499	568
1499	571
1498	573
1497	575
1498	578
1499	580
1498	583
1498	585
1497	587
1497	590
1497	592
1497	594
1498	598
1497	600
1497	602
1498	605
1498	607
1497	609
1496	612
1497	614
1497	616
1497	619
1496	621
1498	624
1500	626
1500	628
1499	631
1498	633
1497	635
1496	638
1496	641
1496	643
1496	646
1496	648
1496	650
1496	653
1496	655
1495	658
1495	660
1495	662
1496	665
1496	667
1496	669
1497	672
1495	674
1495	676
1495	679
1495	681
1495	684
1495	687
1496	689
1496	691
1497	694
1496	696
1496	699
1495	701
1494	703
1494	706
1495	708
1495	710
1496	713
1495	715
1495	717
1495	720
1494	722
1495	724
1496	728
1496	730
1497	732
1497	735
1497	737
1497	740
1497	742
1496	744
1496	747
1495	749
1495	751
1495	754
1496	756
1497	758
1498	761
1497	763
1497	765
1497	769
1496	771
1496	774
1497	776
1496	778
1496	781
1496	783
1496	785
1496	788
1495	790
1495	792
1495	795
1495	797
1497	799
1498	802
1497	804
1497	806
1498	809
1498	812
1497	815
1497	817
1497	819
1497	822
1498	824
1498	826
1499	829
1499	831
1498	833
1498	836
1498	838
1498	840
1497	843
1497	845
1498	847
1498	850
1499	852
1499	856
1499	858
1499	860
1499	863
1499	865
1499	867
1499	870
1500	872
1500	874
1501	877
1501	879
1502	881
1503	884
1503	886
1501	889
1501	891
1500	893
1501	897
1502	899
1502	901
1501	904
1500	906
1499	908
1499	911
1498	913
1497	915
1496	918
1497	920
1499	922
1499	925
1498	927
1498	930
1498	932
1497	934
1497	937
1497	940
1498	942
1498	945
1498	947
1498	949
1498	952
1498	954
1497	956
1496	959
1496	961
1497	963
1498	966
1497	968
1497	971
1497	973
1497	975
1497	978
1497	980
1497	983
1496	986
1496	988
1496	990
1495	993
1495	995
1495	997
1495	1000
1495	1002
1494	1005
1495	1007
1495	1009
1494	1012
1495	1014
1495	1017
1496	1019
1497	1021
1497	1025
1496	1027
1496	1030
1496	1032
1496	1034
1497	1037
1496	1039
1496	1042
1497	1044
1497	1047
1498	1049
1498	1051
1498	1054
1498	1056
1497	1059
1498	1061
1498	1063
1500	1067
1501	1069
1501	1072
1500	1074
1499	1076
1498	1079
1498	1081
1498	1084
1499	1086
1501	1088
1501	1091
1502	1093
1502	1096
1503	1098
1503	1100
1502	1103
1501	1105
1501	1108
1500	1111
1501	1113
1501	1116
1502	1118
1502	1121
1502	1123
1502	1125
1502	1128
1501	1130
1501	1133
1501	1135
1501	1138
1501	1140
1500	1142
1500	1145
1500	1147
1500	1150
1500	1153
1500	1155
1501	1158
1501	1160
1501	1163
1502	1165
1502	1167
1502	1170
1504	1172
1503	1175
1502	1177
1502	1179
1503	1182
1503	1184
1503	1187
1504	1189
1503	1191
1503	1195
1503	1197
1504	1200
1504	1202
1503	1204
1503	1207
1502	1209
1502	1212
1501	1214
1501	1216
1501	1219
1501	1221
1501	1224
1501	1226
1501	1229
1499	1231
1500	1233
1502	1236
1504	1239
1504	1242
1503	1244
1502	1246
1502	1249
1501	1251
1501	1254
1500	1256
1501	1258
1501	1261
1501	1263
1503	1266
1505	1268
1504	1270
1503	1273
1502	1275
1501	1278
1501	1281
1501	1283
1502	1286
1502	1288
1503	1291
1503	1293
1503	1295
1503	1298
1502	1300
1501	1303
1501	1305
1500	1308
1500	1310
1500	1312
1500	1315
1500	1317
1500	1320
1501	1323
1500	1325
1499	1328
1500	1330
1500	1333
1499	1335
1499	1337
1499	1340
1498	1342
1498	1345
1498	1347
1499	1349
1499	1352
1499	1354
1498	1357
1497	1359
1497	1361
1497	1364
1497	1367
1497	1370
1497	1372
1497	1374
1497	1377
1498	1379
1498	1382
1499	1384
1499	1386
1498	1389
1498	1391
1496	1394
1497	1396
1497	1398
1497	1401
1496	1403
1496	1406
1496	1409
1496	1411
1496	1414
1496	1416
1496	1419
1497	1421
1497	1424
1498	1426
1499	1428
1498	1431
1497	1433
1497	1436
1497	1438
1497	1440
1496	1443
1495	1445
1495	1448
1496	1451
1496	1453
1497	1456
1497	1458
1498	1461
1498	1463
1498	1465
1500	1468
1500	1470
1499	1473
1498	1475
1498	1477
1498	1480
1497	1482
1498	1485
1499	1487
1500	1489
1499	1492
1499	1495
1498	1498
1498	1500
1498	1503
1498	1505
1497	1507
1497	1510
1497	1512
1497	1515
1497	1517
1496	1519
1496	1522
1496	1524
1496	1527
1495	1529
1495	1531
1496	1534
1496	1537
1497	1540
1498	1542
1497	1544
1495	1547
1494	1549
1494	1552
1496	1554
1499	1556
1499	1559
1498	1561
1498	1564
1497	1566
1496	1568
1494	1571
1493	1573
1494	1576
1494	1579
1495	1582
1495	1584
1495	1586
1497	1589
1497	1591
1497	1594
1497	1596
1496	1598
1496	1601
1496	1603
1496	1606
1497	1608
1496	1610
1495	1613
1495	1615
1496	1618
1496	1620
1497	1623
1497	1626
1495	1628
1495	1631
1494	1633
1494	1635
1496	1638
1498	1640
1498	1643
1498	1645
1496	1647
1495	1650
1494	1652
1494	1655
1495	1657
1493	1659
1493	1662
1493	1665
1493	1668
1494	1670
1494	1672
1494	1675
1493	1677
1492	1680
1492	1682
1491	1684
1492	1687
1492	1689
1492	1692
1492	1694
1493	1697
1494	1699
1495	1701
1496	1704
1495	1707
1494	1710
1493	1712
1494	1714
1495	1717
1495	1719
1495	1722
1495	1724
1495	1726
1495	1729
1497	1731
1498	1734
1497	1736
1497	1738
1497	1741
1497	1743
1498	1746
1500	1748
1500	1751
1500	1754
1499	1756
1497	1759
1495	1761
1495	1763
1495	1766
1495	1768
1495	1771
1495	1773
1497	1775
1499	1778
1503	1780
1504	1783
1504	1785
1502	1788
1502	1790
1501	1793
1502	1796
1507	1798
1509	1801
1505	1803
1504	1805
1505	1808
1504	1810
1501	1813
1500	1815
1499	1817
1497	1820
1496	1822
1498	1825
1505	1827
1510	1829
1512	1832
1516	1835
1517	1838
1516	1840
1516	1842
1518	1845
1518	1847
1512	1850
1507	1852
1506	1854
1504	1857
1502	1859
1500	1862
1501	1864
1498	1866
1497	1869
1496	1871
1494	1874
1493	1876
1492	1880
1491	1882
1493	1884
1496	1887
1498	1889
1500	1892
1502	1894
1509	1896
1510	1899
1514	1901
1517	1904
1510	1906
1509	1908
1514	1911
1516	1913
1515	1916
1512	1918
1517	1921
1525	1924
1513	1926
1502	1929
1505	1931
1505	1933
1501	1936
1497	1938
1489	1941
1487	1943
1490	1945
1492	1948
1497	1950
1498	1953
1497	1955
1493	1958
1491	1960
1491	1963
1493	1966
1499	1968
1507	1971
1509	1973
1505	1975
1498	1978
1500	1980
1503	1983
1502	1985
1505	1987
1508	1990
1503	1992
1499	1995
1500	1997
1498	1999
1494	2002
1490	2004
1487	2008
1490	2010
1490	2012
1487	2015
1486	2017
1487	2020
1488	2022
1494	2024
1502	2027
1507	2029
1507	2032
1504	2034
1504	2036
1501	2039
1495	2041
1490	2044
1485	2046
1483	2050
1482	2052
1482	2054
1485	2057
1483	2059
1483	2062
1484	2064
1487	2066
1498	2069
1503	2071
1507	2074
1499	2076
1492	2078
1490	2081
1490	2083
1487	2086
1485	2088
1488	2091
1495	2094
1505	2096
1524	2099
1523	2101
1514	2103
1505	2106
1495	2108
1487	2111
1480	2113
1482	2115
1490	2118
1492	2120
1487	2123
1482	2125
1479	2127
1477	2130
1477	2132
1477	2136
1477	2138
1479	2140
1483	2143
1495	2145
1505	2148
1497	2150
1489	2153
1487	2155
1493	2157
1494	2160
1495	2162
1492	2165
1494	2167
1493	2169
1493	2172
1492	2174
1504	2178
1499	2180
1506	2182
1510	2185
1504	2187
1499	2190
1496	2192
1491	2194
1495	2197
1494	2199
1491	2202
1487	2204
1484	2206
1479	2209
1476	2211
1475	2214
1474	2216
1474	2219
1479	2222
1482	2224
1482	2227
1483	2229
1485	2232
1489	2234
1486	2236
1488	2239
1494	2241
1499	2244
1502	2246
1501	2248
1501	2251
1508	2253
1516	2256
1513	2258
1519	2260
1513	2264
1503	2266
1499	2269
1497	2271
1492	2273
1491	2276
1491	2278
1487	2281
1484	2283
1486	2285
1484	2288
1481	2290
1482	2293
1478	2295
1478	2297
1477	2300
1477	2302
1477	2306
1476	2308
1478	2310
1486	2313
1491	2315
1495	2318
1493	2320
1491	2323
1492	2325
1507	2327
1499	2330
1497	2332
1499	2335
1496	2337
1502	2339
1508	2342
1508	2344
1523	2348
1541	2350
1533	2352
1516	2355
1505	2357
1505	2360
1533	2362
1537	2364
1526	2367
1509	2369
1492	2372
1480	2374
1472	2376
1466	2379
1464	2381
1463	2384
1462	2386
1467	2390
1466	2392
1465	2394
1464	2397
1465	2399
1474	2402
1474	2404
1477	2406
1485	2409
1483	2411
1485	2414
1488	2416
1501	2418
1497	2421
1500	2423
1498	2426
1493	2428
1511	2430
1515	2434
1508	2436
1502	2439
1490	2441
1482	2443
1479	2446
1484	2448
1490	2451
1480	2453
1487	2455
1486	2458
1475	2460
1469	2463
1466	2465
1465	2467
1464	2470
1463	2472
1461	2476
1462	2478
1464	2481
1465	2483
1478	2485
1483	2488
1484	2490
1486	2493
1485	2495
1481	2497
1498	2500
1499	2502
1505	2505
1502	2507
1488	2509
1485	2512
1493	2514
1491	2518
1497	2520
1499	2522
1501	2525
1493	2527
1484	2530
1479	2532
1483	2534
1482	2537
1478	2539
1471	2542
1468	2544
1466	2546
1467	2549
1472	2551
1480	2554
1492	2556
1507	2558
1502	2562
1505	2564
1506	2567
1501	2569
1496	2572
1490	2574
1485	2576
1488	2579
1488	2581
1504	2584
1509	2586
1501	2588
1509	2591
1517	2593
1515	2596
1513	2598
1505	2600
1492	2604
1494	2606
1493	2609
1488	2611
1491	2613
1488	2616
1479	2618
1470	2621
1465	2623
1472	2625
1474	2628
1474	2630
1475	2633
1472	2635
1475	2637
1481	2640
1491	2642
1507	2646
1505	2648
1497	2650
1490	2653
1482	2655
1481	2658
1489	2660
1505	2663
1514	2665
1528	2667
1528	2670
1506	2672
1490	2675
1484	2677
1488	2679
1499	2682
1507	2684
1501	2688
1507	2690
1506	2692
1496	2695
1493	2697
1490	2700
1488	2702
1480	2704
1479	2707
1489	2709
1486	2712
1477	2714
1471	2716
1470	2719
1478	2721
1490	2724
1492	2726
1503	2728
1506	2732
1499	2734
1493	2737
1494	2739
1486	2741
1481	2744
1468	2746
1465	2749
1476	2751
1506	2753
1524	2756
1524	2758
1528	2761
1507	2763
1512	2766
1512	2768
1508	2770
1498	2774
1498	2776
1499	2779
1492	2781
1481	2783
1474	2786
1469	2788
1463	2791
1464	2793
1480	2795
1484	2798
1481	2800
1490	2803
1492	2805
1480	2807
1472	2810
1473	2812
1474	2816
1475	2818
1485	2820
1494	2823
1521	2825
1535	2828
1520	2830
1495	2832
1476	2835
1467	2837
1496	2840
1505	2842
1494	2845
1500	2847
1539	2849
1534	2852
1522	2854
1503	2857
1482	2860
1468	2862
1463	2865
1466	2867
1466	2870
1471	2872
1471	2874
1467	2877
1469	2879
1473	2882
1472	2884
1477	2886
1480	2889
1489	2891
1508	2894
1500	2896
1501	2898
1523	2902
1523	2904
1503	2907
1490	2909
1483	2911
1489	2914
1495	2916
1497	2919
1522	2921
1519	2923
1510	2926
1501	2928
1490	2931
1480	2933
1487	2936
1499	2938
1493	2940
1490	2944
1497	2946
1489	2949
1474	2951
1462	2953
1457	2956
1455	2958
1454	2961
1456	2963
1460	2965
1465	2968
1483	2970
1498	2973
1500	2975
1500	2977
1492	2980
1489	2982
1502	2985
1514	2988
1519	2990
1525	2993
1538	2995
1526	2998
1515	3000
1502	3002
1498	3005
1506	3007
1506	3010
1497	3012
1486	3014
1479	3017
1474	3019
1482	3022
1491	3024
1485	3027
1470	3030
1466	3032
1466	3035
1464	3037
1478	3040
1474	3042
1467	3044
1471	3047
1477	3049
1482	3052
1482	3054
1484	3056
1485	3059
1482	3061
1486	3064
1492	3066
1492	3068
1496	3072
1505	3074
1513	3077
1536	3079
1524	3081
1513	3084
1517	3086
1514	3089
1499	3091
1501	3094
1497	3096
1486	3098
1484	3101
1495	3103
1488	3106
1477	3108
1473	3110
1473	3113
1475	3116
1494	3119
1495	3121
1489	3123
1486	3126
1481	3128
1492	3131
1488	3133
1485	3135
1505	3138
1507	3140
1501	3143
1509	3145
1502	3147
1486	3150
1489	3152
1493	3155
1491	3158
1486	3161
1483	3163
1515	3165
1526	3168
1512	3170
1499	3173
1492	3175
1495	3177
1496	3180
1495	3182
1490	3185
1497	3187
1508	3189
1504	3192
1514	3194
1512	3197
1504	3200
1489	3202
1479	3205
1480	3207
1481	3210
1481	3212
1477	3214
1474	3217
1482	3219
1504	3222
1506	3224
1496	3226
1486	3229
1479	3231
1475	3234
1474	3236
1478	3239
1497	3241
1507	3244
1530	3247
1524	3249
1502	3252
1498	3254
1510	3256
1523	3259
1533	3261
1519	3264
1499	3266
1484	3268
1476	3271
1482	3273
1505	3276
1499	3278
1501	3280
1502	3283
1495	3286
1484	3289
1479	3291
1472	3293
1467	3296
1466	3298
1466	3301
1469	3303
1470	3305
1474	3308
1483	3310
1484	3313
1493	3315
1503	3317
1504	3320
1495	3322
1498	3325
1491	3328
1483	3331
1493	3333
1495	3335
1502	3338
1498	3340
1497	3343
1501	3345
1511	3347
1516	3350
1504	3352
1497	3355
1489	3357
1493	3359
1490	3362
1490	3364
1488	3367
1485	3369
1499	3372
1494	3375
1482	3377
1476	3380
1478	3382
1474	3384
1473	3387
1471	3389
1471	3392
1472	3394
1478	3396
1484	3399
1491	3401
1495	3404
1517	3406
1519	3408
1505	3411
1498	3414
1494	3417
1488	3419
1503	3422
1549	3424
1538	3426
1523	3429
1524	3431
1517	3434
1502	3436
1495	3438
1497	3441
1488	3443
1489	3446
1495	3448
1488	3450
1484	3453
1507	3456
1511	3459
1509	3461
1499	3463
1487	3466
1477	3468
1475	3471
1472	3473
1471	3475
1471	3478
1476	3480
1476	3483
1482	3485
1494	3487
1498	3490
1490	3492
1500	3495
1505	3497
1495	3500
1489	3503
1495	3505
1509	3508
1502	3510
1512	3513
1505	3515
1496	3517
1498	3520
1499	3522
1495	3525
1489	3527
1487	3529
1489	3532
1494	3534
1490	3537
1488	3539
1485	3542
1483	3545
1478	3547
1477	3550
1474	3552
1471	3554
1473	3557
1479	3559
1484	3562
1491	3564
1495	3566
1491	3569
1488	3571
1487	3574
1495	3576
1515	3578
1531	3581
1530	3584
1513	3587
1502	3589
1511	3592
1513	3594
1535	3596
1538	3599
1521	3601
1509	3604
1494	3606
1479	3608
1496	3611
1501	3613
1492	3616
1486	3618
1477	3620
1474	3623
1470	3625
1467	3629
1464	3631
1464	3633
1467	3636
1473	3638
1474	3641
1481	3643
1490	3645
1497	3648
1499	3650
1502	3653
1495	3655
1488	3657
1480	3660
1481	3662
1502	3665
1508	3667
1496	3671
1491	3673
1498	3675
1514	3678
1530	3680
1522	3683
1509	3685
1495	3687
1485	3690
1486	3692
1489	3695
1493	3697
1482	3699
1477	3702
1501	3704
1501	3707
1488	3709
1478	3712
1474	3715
1470	3717
1473	3720
1473	3722
1474	3724
1476	3727
1486	3729
1487	3732
1484	3734
1483	3736
1483	3739
1497	3741
1493	3744
1490	3746
1490	3749
1488	3751
1501	3753
1500	3757
1511	3759
1506	3762
1498	3764
1496	3766
1489	3769
1486	3771
1508	3774
1533	3776
1529	3778
1512	3781
1495	3783
1481	3786
1472	3788
1473	3790
1475	3793
1491	3795
1500	3799
1489	3801
1483	3803
1479	3806
1484	3808
1478	3811
1474	3813
1482	3816
1486	3818
1479	3820
1484	3823
1483	3825
1479	3828
1479	3830
1490	3832
1492	3835
1488	3837
1483	3841
1486	3843
1499	3845
1508	3848
1505	3850
1500	3853
1500	3855
1500	3857
1498	3860
1513	3862
1505	3865
1493	3867
1490	3869
1486	3872
1483	3874
1483	3877
1480	3879
1487	3881
1488	3885
1483	3887
1483	3890
1480	3892
1476	3895
1487	3897
1498	3899
1499	3902
1506	3904
1504	3907
1491	3909
1480	3911
1479	3914
1476	3916
1474	3919
1478	3921
1483	3923
1483	3927
1492	3929
1501	3932
1499	3934
1493	3936
1488	3939
1482	3941
1495	3944
1511	3946
1510	3948
1512	3951
1503	3953
1494	3956
1489	3958
1481	3960
1476	3963
1477	3965
1475	3969
1482	3971
1485	3974
1488	3976
1486	3978
1481	3981
1477	3983
1473	3986
1476	3988
1494	3990
1503	3993
1502	3995
1501	3998
1492	4000
1481	4002
1479	4005
1480	4007
1481	4011
1480	4013
1474	4015
1479	4018
1493	4020
1493	4023
1495	4025
1494	4027
1487	4030
1479	4032
1475	4035
1482	4037
1479	4039
1478	4042
1479	4044
1490	4047
1487	4049
1487	4051
1485	4055
1480	4057
1481	4060
1481	4062
1484	4065
1493	4067
1499	4069
1492	4072
1484	4074
1478	4077
1487	4079
1498	4081
1494	4084
1500	4086
1530	4089
1528	4091
1507	4093
1487	4097
1482	4099
1476	4102
1480	4104
1485	4106
1481	4109
1479	4111
1477	4114
1483	4116
1491	4118
1486	4121
1476	4123
1474	4126
1473	4128
1476	4130
1487	4133
1489	4135
1486	4139
1478	4141
1475	4144
1479	4146
1482	4148
1486	4151
1491	4153
1491	4156
1481	4158
1480	4160
1488	4163
1486	4165
1484	4168
1482	4170
1481	4172
1484	4175
1487	4177
1487	4180
1507	4183
1514	4185
1499	4188
1492	4190
1483	4193
1482	4195
1495	4197
1489	4200
1478	4202
1480	4205
1476	4207
1474	4209
1485	4212
1513	4214
1505	4217
1491	4219
1483	4221
1477	4225
1479	4227
1482	4230
1481	4232
1479	4235
1477	4237
1475	4239
1483	4242
1485	4244
1485	4247
1503	4249
1507	4251
1493	4254
1481	4256
1476	4259
1473	4261
1473	4263
1475	4267
1480	4269
1497	4272
1506	4274
1508	4276
1514	4279
1511	4281
1506	4284
1493	4286
1482	4288
1485	4291
1483	4293
1490	4296
1501	4298
1492	4300
1491	4303
1493	4305
1491	4308
1483	4311
1478	4314
1472	4316
1469	4318
1468	4321
1466	4323
1466	4326
1469	4328
1469	4330
1471	4333
1481	4335
1484	4338
1490	4340
1505	4342
1511	4345
1505	4347
1498	4350
1490	4353
1484	4355
1482	4358
1493	4360
1497	4363
1497	4365
1503	4367
1509	4370
1509	4372
1514	4375
1509	4377
1499	4379
1492	4382
1493	4384
1496	4387
1490	4389
1483	4392
1477	4395
1479	4397
1485	4400
1487	4402
1482	4405
1481	4407
1477	4409
1492	4412
1499	4414
1489	4417
1480	4419
1475	4421
1477	4424
1484	4426
1486	4429
1485	4431
1485	4433
1491	4436
1500	4439
1498	4442
1495	4444
1494	4446
1493	4449
1489	4451
1496	4454
1514	4456
1506	4458
1497	4461
1490	4463
1495	4466
1495	4468
1496	4471
1507	4473
1507	4475
1496	4478
1488	4481
1477	4484
1474	4486
1474	4488
1476	4491
1480	4493
1480	4496
1474	4498
1471	4500
1480	4503
1479	4505
1499	4508
1524	4510
1515	4512
1503	4515
1498	4517
1488	4520
1484	4523
1484	4525
1481	4528
1480	4530
1487	4533
1506	4535
1512	4537
1510	4540
1523	4542
1510	4545
1488	4547
1475	4550
1483	4552
1495	4554
1514	4557
1511	4559
1502	4562
1493	4564
1491	4567
1493	4570
1516	4572
1515	4575
1505	4577
1504	4579
1504	4582
1494	4584
1486	4587
1477	4589
1470	4591
1472	4594
1489	4596
1514	4599
1508	4601
1501	4603
1501	4606
1488	4609
1483	4612
1476	4614
1474	4616
1475	4619
1471	4621
1469	4624
1486	4626
1524	4629
1526	4631
1507	4633
1506	4636
1540	4638
1535	4641
1513	4643
1495	4645
1483	4648
1474	4651
1491	4654
1531	4656
1529	4658
1509	4661
1504	4663
1502	4666
1503	4668
1491	4670
1477	4673
1473	4675
1464	4678
1457	4680
1458	4682
1460	4685
1469	4687
1493	4690
1500	4692
1489	4695
1479	4698
1490	4700
1497	4703
1491	4705
1482	4708
1473	4710
1472	4712
1494	4715
1517	4717
1512	4720
1500	4722
1491	4724
1490	4727
1485	4729
1490	4732
1495	4734
1527	4737
1542	4740
1543	4742
1525	4745
1540	4747
1542	4749
1511	4752
1493	4754
1491	4757
1480	4759
1483	4761
1496	4764
1527	4766
1517	4769
1491	4771
1477	4774
1468	4776
1459	4779
1459	4782
1461	4784
1459	4787
1462	4789
1476	4791
1506	4794
1529	4796
1515	4799
1502	4801
1493	4803
1485	4806
1489	4808
1504	4811
1507	4813
1509	4815
1542	4818
1546	4820
1525	4824
1500	4826
1488	4828
1483	4831
1472	4833
1472	4836
1489	4838
1486	4840
1488	4843
1502	4845
1512	4848
1504	4850
1488	4853
1476	4855
1461	4857
1456	4860
1459	4862
1462	4866
1491	4868
1491	4870
1481	4873
1472	4875
1467	4878
1468	4880
1507	4882
1509	4885
1497	4887
1508	4890
1502	4892
1506	4894
1529	4897
1520	4899
1512	4902
1521	4904
1512	4907
1516	4910
1516	4912
1506	4915
1513	4917
1506	4919
1500	4922
1484	4924
1479	4927
1510	4929
1506	4932
1480	4934
1466	4936
1455	4939
1448	4941
1447	4944
1451	4946
1450	4948
1450	4952
1462	4954
1482	4957
1503	4959
1497	4961
1500	4964
1499	4966
1498	4969
1490	4971
1504	4973
1513	4976
1498	4978
1485	4981
1480	4983
1497	4985
1514	4988
1504	4990
1496	4994
1492	4996
1480	4998
1470	5001
1480	5003
1471	5006
1472	5008
1497	5011
1495	5013
1483	5015
1474	5018
1472	5020
1472	5023
1477	5025
1473	5027
1460	5030
1454	5032
1452	5036
1457	5038
1463	5040
1470	5043
1509	5045
1551	5048
1535	5050
1506	5052
1482	5055
1467	5057
1470	5060
1487	5062
1489	5064
1499	5067
1490	5069
1471	5072
1457	5074
1457	5076
1470	5080
1472	5082
1474	5085
1486	5087
1489	5090
1477	5092
1469	5094
1464	5097
1468	5099
1466	5102
1482	5104
1501	5106
1496	5109
1483	5111
1478	5114
1465	5116
1453	5118
1446	5122
1463	5124
1475	5127
1475	5129
1479	5131
1479	5134
1477	5136
1471	5139
1472	5141
1481	5143
1495	5146
1488	5148
1480	5151
1469	5153
1461	5155
1467	5158
1481	5160
1478	5164
1467	5166
1467	5169
1477	5171
1470	5173
1468	5176
1487	5178
1482	5181
1473	5183
1470	5185
1476	5188
1475	5190
1468	5193
1480	5195
1495	5197
1484	5200
1473	5202
1468	5206
1456	5208
1449	5210
1451	5213
1469	5215
1533	5218
1532	5220
1497	5222
1491	5225
1472	5227
1456	5230
1461	5232
1461	5234
1459	5237
1464	5239
1463	5242
1454	5244
1449	5246
1449	5250
1456	5252
1459	5255
1452	5257
1450	5259
1449	5262
1459	5264
1467	5267
1459	5269
1455	5272
1468	5274
1491	5276
1483	5279
1477	5281
1479	5284
1479	5286
1473	5288
1464	5292
1488	5294
1483	5297
1478	5299
1478	5301
1458	5304
1456	5306
1473	5309
1475	5311
1459	5313
1442	5316
1435	5318
1444	5321
1445	5323
1439	5325
1438	5328
1451	5330
1449	5334
1451	5336
1446	5338
1437	5341
1437	5343
1439	5346
1438	5348
1435	5351
1441	5353
1458	5355
1494	5358
1486	5360
1481	5363
1467	5365
1457	5367
1452	5370
1453	5372
1466	5376
1457	5378
1447	5380
1447	5383
1459	5385
1471	5388
1479	5390
1485	5392
1485	5395
1462	5397
1447	5400
1434	5402
1435	5404
1453	5407
1446	5409
1434	5412
1438	5414
1432	5416
1427	5420
1428	5422
1426	5425
1431	5427
1439	5430
1446	5432
1445	5434
1440	5437
1450	5439
1454	5442
1447	5444
1452	5446
1457	5449
1453	5451
1451	5454
1465	5456
1467	5458
1470	5462
1475	5464
1460	5467
1461	5469
1467	5471
1465	5474
1478	5476
1473	5479
1467	5481
1457	5483
1440	5486
1423	5488
1419	5491
1422	5493
1428	5495
1432	5498
1440	5500
1439	5504
1432	5506
1429	5508
1426	5511
1426	5513
1437	5516
1438	5518
1440	5521
1440	5523
1452	5525
1463	5528
1454	5530
1439	5533
1444	5535
1455	5537
1470	5540
1482	5542
1460	5545
1448	5548
1447	5550
1448	5553
1458	5555
1481	5558
1473	5560
1471	5562
1466	5565
1456	5567
1450	5570
1444	5572
1433	5574
1439	5577
1437	5579
1433	5582
1440	5584
1442	5586
1433	5590
1427	5592
1422	5595
1425	5597
1438	5600
1455	5602
1448	5604
1446	5607
1445	5609
1457	5612
1469	5614
1466	5616
1453	5619
1447	5621
1445	5624
1452	5626
1461	5628
1462	5632
1451	5634
1447	5637
1466	5639
1491	5641
1476	5644
1463	5646
1451	5649
1440	5651
1433	5653
1431	5656
1433	5658
1446	5661
1457	5663
1457	5665
1451	5668
1443	5670
1444	5673
1450	5676
1450	5679
1449	5681
1454	5683
1466	5686
1465	5688
1460	5691
1457	5693
1449	5695
1450	5698
1457	5700
1454	5703
1478	5705
1500	5707
1481	5710
1464	5712
1453	5715
1445	5718
1448	5720
1459	5723
1460	5725
1459	5728
1473	5730
1474	5732
1471	5735
1471	5737
1463	5740
1464	5742
1460	5744
1460	5747
1459	5749
1459	5752
1463	5754
1465	5756
1456	5760
1458	5762
1487	5765
1486	5767
1493	5770
1499	5772
1480	5774
1469	5777
1462	5779
1454	5782
1450	5784
1452	5786
1454	5789
1457	5791
1461	5794
1462	5796
1463	5798
1475	5801
1477	5804
1488	5807
1487	5809
1485	5811
1481	5814
1469	5816
1488	5819
1489	5821
1477	5823
1469	5826
1468	5828
1486	5831
1521	5833
1528	5835
1503	5838
1485	5840
1485	5843
1474	5846
1466	5848
1464	5851
1459	5853
1460	5856
1461	5858
1467	5861
1475	5863
1484	5865
1491	5868
1499	5870
1506	5873
1497	5875
1491	5877
1486	5880
1481	5882
1479	5885
1482	5888
1475	5890
1478	5893
1487	5895
1479	5898
1488	5900
1490	5902
1486	5905
1485	5907
1502	5910
1499	5912
1503	5914
1500	5917
1495	5919
1487	5922
1484	5924
1482	5926
1479	5929
1489	5932
1495	5935
1491	5937
1503	5940
1501	5942
1497	5944
1501	5947
1513	5949
1506	5952
1511	5954
1510	5956
1508	5959
1509	5961
1503	5964
1500	5966
1505	5968
1505	5971
1503	5974
1498	5977
1495	5979
1495	5981
1497	5984
1501	5986
1509	5989
1506	5991
1504	5993
1512	5996
1522	5998
1526	6001
1514	6003
1508	6006
1510	6008
1509	6010
1503	6013
1504	6016
1507	6019
1509	6021
1505	6023
1502	6026
1503	6028
1516	6031
1520	6033
1516	6035
1513	6038
1513	6040
1509	6043
1523	6045
1517	6047
1508	6050
1510	6052
1520	6055
1537	6057
1535	6060
1528	6063
1527	6065
1523	6068
1512	6070
1504	6073
1500	6075
1507	6077
1516	6080
1514	6082
1517	6085
1515	6087
1511	6089
1510	6092
1517	6094
1514	6097
1510	6099
1516	6102
1528	6105
1555	6107
1547	6110
1524	6112
1509	6114
1505	6117
1508	6119
1513	6122
1514	6124
1508	6126
1505	6129
1502	6131
1505	6134
1511	6136
1512	6138
1515	6141
1522	6144
1528	6147
1525	6149
1523	6152
1522	6154
1518	6156
1516	6159
1515	6161
1509	6164
1519	6166
1520	6168
1511	6171
1508	6173
1518	6176
1514	6178
1510	6180
1516	6183
1519	6185
1516	6189
1514	6191
1508	6193
1500	6196
1498	6198
1502	6201
1502	6203
1499	6206
1506	6208
1525	6210
1527	6213
1521	6215
1515	6218
1528	6220
1542	6222
1536	6225
1528	6227
1517	6231
1509	6233
1512	6235
1519	6238
1513	6240
1510	6243
1514	6245
1513	6247
1515	6250
1518	6252
1519	6255
1511	6257
1507	6259
1507	6262
1508	6264
1506	6267
1510	6269
1515	6273
1518	6275
1518	6277
1519	6280
1522	6282
1524	6285
1529	6287
1529	6289
1522	6292
1513	6294
1511	6297
1514	6299
1517	6301
1515	6304
1508	6306
1503	6309
1508	6311
1517	6313
1544	6317
1550	6319
1542	6322
1525	6324
1517	6326
1508	6329
1502	6331
1502	6334
1499	6336
1498	6339
1506	6341
1513	6343
1518	6346
1515	6348
1511	6351
1512	6353
1514	6355
1515	6359
1516	6361
1514	6364
1512	6366
1511	6368
1510	6371
1508	6373
1514	6376
1515	6378
1509	6380
1518	6383
1524	6385
1520	6388
1515	6390
1525	6392
1532	6395
1529	6397
1530	6401
1536	6403
1536	6406
1530	6408
1532	6410
1524	6413
1516	6415
1513	6418
1512	6420
1510	6422
1516	6425
1535	6427
1535	6430
1524	6432
1518	6434
1515	6437
1518	6439
1518	6443
1516	6445
1515	6447
1517	6450
1521	6452
1521	6455
1521	6457
1517	6459
1514	6462
1516	6464
1519	6467
1531	6469
1532	6471
1527	6474
1526	6476
1521	6479
1523	6481
1527	6483
1540	6487
1559	6489
1558	6492
1559	6494
1557	6497
1549	6499
1535	6501
1527	6504
1531	6506
1539	6509
1533	6511
1527	6513
1523	6516
1524	6518
1524	6521
1526	6523
1529	6525
1530	6529
1531	6531
1531	6534
1537	6536
1542	6538
1550	6541
1546	6543
1537	6546
1540	6548
1545	6550
1552	6553
1546	6555
1539	6558
1537	6560
1539	6562
1537	6565
1535	6567
1533	6571
1528	6573
1527	6576
1525	6578
1533	6580
1541	6583
1544	6585
1551	6588
1548	6590
1538	6592
1533	6595
1527	6597
1526	6600
1533	6602
1552	6604
1559	6607
1562	6609
1557	6612
1554	6615
1551	6617
1542	6620
1542	6622
1540	6625
1536	6627
1535	6629
1536	6632
1550	6634
1553	6637
1547	6639
1557	6641
1559	6644
1542	6646
1531	6649
1530	6651
1535	6654
1534	6657
1539	6659
1540	6662
1540	6664
1537	6667
1539	6669
1540	6671
1539	6674
1536	6676
1532	6679
1533	6681
1564	6683
1568	6686
1559	6688
1555	6691
1552	6693
1550	6695
1549	6699
1553	6701
1569	6704
1556	6706
1549	6708
1556	6711
1569	6713
1569	6716
1563	6718
1557	6720
1546	6723
1546	6725
1549	6728
1546	6730
1544	6733
1547	6735
1546	6737
1542	6740
1543	6743
1545	6746
1550	6748
1556	6750
1552	6753
1548	6755
1561	6758
1575	6760
1569	6762
1561	6765
1552	6767
1552	6770
1554	6772
1556	6774
1558	6777
1559	6779
1561	6782
1561	6785
1571	6787
1572	6790
1566	6792
1569	6795
1569	6797
1562	6799
1563	6802
1560	6804
1557	6807
1552	6809
1548	6812
1549	6814
1557	6816
1579	6819
1584	6821
1575	6824
1570	6827
1569	6829
1566	6832
1565	6834
1567	6837
1567	6839
1579	6841
1584	6844
1583	6846
1585	6849
1582	6851
1572	6853
1564	6856
1561	6858
1563	6861
1564	6863
1569	6865
1573	6868
1572	6871
1572	6874
1576	6876
1587	6878
1584	6881
1581	6883
1586	6886
1581	6888
1571	6891
1569	6893
1562	6895
1551	6898
1548	6900
1557	6903
1558	6905
1556	6907
1555	6910
1556	6913
1558	6916
1564	6918
1564	6920
1564	6923
1558	6925
1561	6928
1555	6930
1576	6932
1592	6935
1581	6937
1570	6940
1559	6942
1547	6944
1541	6947
1539	6949
1549	6952
1552	6955
1548	6958
1542	6960
1542	6962
1537	6965
1532	6967
1532	6970
1532	6972
1532	6974
1532	6977
1530	6979
1537	6982
1551	6984
1550	6986
1543	6989
1542	6991
1549	6994
1549	6996
1541	6999
1537	7002
1535	7004
1524	7007
1518	7009
1524	7011
1533	7014
1529	7016
1519	7019
1513	7021
1510	7023
1504	7026
1501	7028
1501	7031
1503	7033
1506	7036
1518	7038
1516	7041
1510	7044
1516	7046
1532	7049
1531	7051
1524	7053
1519	7056
1509	7058
1500	7061
1497	7063
1493	7065
1501	7068
1499	7070
1497	7073
1501	7075
1503	7077
1509	7080
1512	7083
1505	7086
1501	7088
1499	7090
1504	7093
1496	7095
1491	7098
1489	7100
1490	7103
1500	7105
1498	7107
1487	7110
1485	7112
1494	7115
1498	7117
1499	7119
1499	7122
1499	7124
1497	7128
1492	7130
1485	7132
1483	7135
1482	7137
1483	7140
1483	7142
1486	7144
1489	7147
1487	7149
1483	7152
1480	7154
1482	7156
1501	7159
1511	7161
1506	7164
1503	7166
1494	7169
1495	7172
1495	7174
1483	7177
1476	7179
1473	7182
1468	7184
1472	7186
1475	7189
1478	7191
1484	7194
1489	7196
1487	7198
1480	7201
1475	7203
1480	7206
1478	7208
1477	7211
1478	7214
1476	7216
1484	7219
1494	7221
1483	7223
1477	7226
1486	7228
1491	7231
1482	7233
1473	7235
1469	7238
1465	7240
1472	7243
1473	7245
1468	7248
1469	7250
1463	7252
1460	7256
1465	7258
1463	7261
1462	7263
1470	7265
1470	7268
1471	7270
1472	7273
1472	7275
1474	7277
1484	7280
1477	7282
1478	7285
1510	7287
1500	7289
1494	7292
1489	7294
1497	7298
1525	7300
1506	7302
1483	7305
1474	7307
1467	7310
1454	7312
1446	7314
1453	7317
1450	7319
1444	7322
1444	7324
1457	7327
1452	7329
1447	7331
1455	7334
1470	7336
1467	7340
1465	7342
1460	7344
1455	7347
1459	7349
1462	7352
1464	7354
1466	7356
1460	7359
1455	7361
1461	7364
1464	7366
1461	7368
1451	7371
1454	7373
1459	7376
1457	7378
1454	7380
1455	7384
1466	7386
1472	7389
1471	7391
1463	7394
1454	7396
1450	7398
1452	7401
1452	7403
1464	7406
1470	7408
1473	7410
1471	7413
1483	7415
1493	7418
1483	7420
1480	7422
1470	7426
1463	7428
1462	7431
1462	7433
1460	7435
1471	7438
1477	7440
1479	7443
1470	7445
1463	7447
1472	7450
1474	7452
1471	7455
1467	7457
1459	7459
1457	7462
1466	7464
1470	7468
1467	7470
1465	7473
1468	7475
1483	7477
1485	7480
1477	7482
1468	7485
1480	7487
1502	7489
1494	7492
1482	7494
1479	7497
1474	7499
1473	7501
1484	7504
1494	7506
1495	7510
1497	7512
1490	7514
1492	7517
1493	7519
1498	7522
1508	7524
1511	7526
1541	7529
1561	7531
1539	7534
1514	7536
1498	7538
1483	7541
1490	7543
1511	7546
1503	7548
1488	7552
1477	7554
1470	7556
1469	7559
1469	7561
1468	7564
1470	7566
1475	7568
1494	7571
1498	7573
1491	7576
1484	7578
1480	7580
1477	7583
1478	7585
1488	7588
1497	7590
1510	7592
1510	7596
1511	7598
1544	7601
1557	7603
1538	7606
1508	7608
1496	7610
1501	7613
1528	7615
1528	7618
1525	7620
1504	7622
1495	7625
1498	7627
1499	7630
1498	7632
1499	7634
1501	7638
1522	7640
1514	7643
1499	7645
1489	7647
1482	7650
1479	7652
1479	7655
1480	7657
1482	7659
1484	7662
1486	7664
1487	7667
1494	7669
1502	7672
1510	7674
1535	7676
1542	7680
1542	7682
1553	7685
1571	7687
1554	7689
1528	7692
1509	7694
1501	7697
1509	7699
1525	7701
1535	7704
1529	7706
1531	7709
1514	7711
1500	7713
1494	7716
1489	7718
1489	7721
1489	7724
1496	7726
1504	7729
1515	7731
1513	7734
1506	7736
1502	7738
1500	7741
1499	7743
1507	7746
1520	7748
1533	7751
1531	7753
1523	7755
1516	7758
1506	7760
1498	7763
1513	7766
1533	7768
1552	7771
1578	7773
1581	7776
1547	7778
1521	7780
1505	7783
1495	7785
1492	7788
1490	7790
1490	7792
1494	7795
1495	7797
1502	7800
1503	7802
1508	7804
1510	7808
1508	7810
1506	7813
1503	7815
1503	7817
1505	7820
1504	7822
1511	7825
1522	7827
1515	7830
1510	7832
1504	7834
1497	7837
1491	7839
1488	7842
1487	7844
1488	7846
1487	7849
1489	7852
1492	7855
1493	7857
1497	7859
1503	7862
1510	7864
1506	7867
1508	7869
1503	7871
1499	7874
1499	7876
1503	7879
1503	7881
1498	7883
1496	7886
1497	7888
1498	7891
1497	7894
1498	7897
1503	7899
1511	7901
1515	7904
1514	7906
1511	7909
1507	7911
1506	7913
1505	7916
1506	7918
1507	7921
1507	7923
1510	7925
1512	7928
1514	7930
1516	7933
1519	7936
1524	7938
1524	7941
1520	7943
1516	7946
1515	7948
1518	7950
1523	7953
1526	7955
1523	7958
1518	7960
1514	7963
1513	7965
1512	7967
1511	7970
1515	7972
1525	7975
1526	7977
1522	7980
1516	7983
1513	7985
1509	7988
1506	7990
1504	7992
1502	7995
1500	7997
1499	8000
1499	8002
1498	8004
1497	8007
1496	8009
1495	8012
1494	8014
1493	8016
1493	8019
1492	8022
1491	8025
1489	8027
1486	8029
1484	8032
1482	8034
1481	8037
1483	8039
1491	8042
1492	8044
1488	8046
1483	8049
1478	8051
1471	8054
1468	8056
1466	8058
1466	8061
1470	8064
1469	8067
1464	8069
1461	8071
1458	8074
1454	8076
1452	8079
1450	8081
1449	8083
1447	8086
1446	8088
1444	8091
1444	8093
1442	8095
1441	8098
1440	8100
1439	8103
1437	8105
1436	8108
1435	8111
1434	8113
1434	8116
1434	8118
1433	8120
1431	8123
1430	8125
1433	8128
1437	8130
1434	8133
1429	8135
1425	8137
1420	8140
1416	8142
1413	8145
1411	8147
1409	8150
1408	8153
1407	8155
1405	8158
1403	8160
1403	8162
1403	8165
1400	8167
1398	8170
1398	8172
1397	8174
1396	8177
1395	8179
1393	8182
1391	8184
1390	8186
1389	8189
1388	8192
1387	8195
1386	8197
1386	8199
1388	8202
1388	8204
1387	8207
1387	8209
1386	8211
1385	8214
1385	8216
1384	8219
1383	8221
1383	8223
1385	8226
1385	8228
1384	8231
1383	8233
1382	8237
1383	8239
1383	8241
1385	8244
1385	8246
1386	8249
1386	8251
1386	8253
1387	8256
1388	8258
1388	8261
1391	8263
1393	8265
1393	8268
1394	8270
1394	8273
1394	8275
1395	8278
1396	8281
1397	8283
1397	8286
1399	8288
1400	8290
1401	8293
1402	8295
1403	8298
1404	8300
1406	8302
1410	8305
1413	8307
1415	8310
1416	8312
1416	8315
1417	8317
1419	8320
1421	8323
1424	8325
1426	8328
1426	8330
1428	8332
1428	8335
1429	8337
1430	8340
1430	8342
1432	8344
1433	8347
1434	8349
1436	8352
1437	8354
1439	8356
1440	8359
1442	8361
1443	8365
1444	8367
1446	8369
1448	8372
1450	8374
1451	8377
1453	8379
1454	8381
1456	8384
1457	8386
1459	8389
1461	8391
1463	8393
1465	8396
1467	8398
1469	8401
1470	8403
1470	8407
1469	8409
1471	8411
1474	8414
1476	8416
1477	8419
1477	8421
1477	8423
1477	8426
1477	8428
1478	8431
1478	8433
1478	8435
1479	8438
1480	8440
1481	8443
1482	8445
1483	8448
1485	8451
1486	8453
1486	8456
1487	8458
1488	8460
1490	8463
1491	8465
1492	8468
1494	8470
1499	8472
1499	8475
1498	8477
1497	8480
1496	8482
1496	8484
1496	8487
1496	8489
1497	8493
1497	8495
1496	8498
1496	8500
1496	8502
1496	8505
1495	8507
1494	8510
1494	8512
1496	8514
1495	8517
1495	8519
1496	8522
1496	8524
1496	8526
1496	8529
1496	8531
1494	8535
1493	8537
1493	8539
1493	8542
1495	8544
1496	8547
1495	8549
1495	8551
1496	8554
1495	8556
1495	8559
1495	8561
1496	8564
1496	8566
1496	8568
1496	8571
1497	8573
1498	8577
1499	8579
1499	8581
1498	8584
1497	8586
1496	8589
1496	8591
1498	8593
1500	8596
1499	8598
1499	8601
1498	8603
1497	8605
1497	8608
1498	8610
1499	8613
1501	8615
1501	8617
1500	8621
1499	8623
1499	8626
1500	8628
1500	8630
1499	8633
1499	8635
1499	8638
1499	8640
1499	8643
1498	8645
1499	8647
1499	8650
1499	8652
1500	8655
1500	8657
1500	8659
1500	8663
1500	8665
1500	8668
1501	8670
1500	8672
1499	8675
1499	8677
1499	8680
1500	8682
1500	8684
1499	8687
1499	8689
1498	8692
1500	8694
1504	8696
1505	8699
1503	8701
1501	8705
1501	8707
1500	8709
1500	8712
1499	8714
1498	8717
1498	8719
1498	8722
1498	8724
1499	8726
1499	8729
1499	8731
1500	8734
1500	8736
1500	8738
1498	8741
1497	8743
1499	8747
1499	8749
1499	8751
1499	8754
1499	8756
1499	8759
1500	8761
1501	8763
1501	8766
1499	8768
1499	8771
1498	8773
1498	8775
1500	8778
1501	8780
1499	8783
1498	8785
1497	8788
1497	8791
1497	8793
1497	8796
1499	8798
1499	8801
1500	8803
1500	8805
1499	8808
1497	8810
1495	8813
1494	8815
1493	8817
1493	8820
1492	8822
1492	8825
1492	8827
1491	8829
1491	8833
1490	8835
1489	8838
1490	8840
1491	8842
1492	8845
1493	8847
1493	8850
1493	8852
1492	8854
1491	8857
1489	8859
1490	8862
1491	8864
1491	8867
1490	8869
1489	8871
1487	8875
1486	8877
1486	8880
1486	8882
1486	8884
1485	8887
1483	8889
1482	8892
1481	8894
1480	8896
1479	8899
1479	8901
1478	8904
1477	8906
1477	8908
1477	8911
1477	8913
1479	8916
1478	8919
1477	8921
1477	8924
1477	8926
1477	8929
1476	8931
1476	8933
1475	8936
1475	8938
1477	8941
1480	8943
1480	8946
1479	8948
1478	8950
1477	8953
1475	8955
1475	8958
1474	8961
1474	8963
1473	8966
1472	8968
1471	8971
1471	8973
1470	8975
1470	8978
1470	8980
1470	8983
1472	8985
1473	8987
1470	8990
1467	8992
1465	8995
1463	8997
1461	8999
1459	9003
1458	9005
1456	9008
1454	9010
1452	9012
1449	9015
1447	9017
1445	9020
1444	9022
1442	9024
1439	9027
1438	9029
1434	9032
1430	9034
1426	9037
1423	9039
1421	9041
1418	9044
1414	9047
1410	9050
1408	9052
1407	9054
1406	9057
1405	9059
1400	9062
1396	9064
1393	9066
1391	9069
1389	9071
1387	9074
1385	9076
1383	9078
1381	9081
1379	9083
1378	9086
1377	9089
1376	9091
1375	9094
1374	9096
1373	9099
1373	9101
1372	9104
1371	9106
1371	9108
1371	9111
1370	9113
1371	9116
1371	9118
1371	9120
1370	9123
1371	9125
1371	9128
1372	9131
1372	9133
1373	9136
1373	9138
1374	9141
1375	9143
1377	9145
1378	9148
1379	9150
1381	9153
1380	9155
1380	9157
1382	9160
1384	9162
1385	9165
1385	9167
1385	9170
1385	9172
1386	9175
1387	9178
1388	9180
1390	9183
1392	9185
1393	9187
1393	9190
1394	9192
1395	9195
1397	9197
1399	9199
1401	9202
1402	9204
1404	9207
1405	9209
1405	9211
1405	9214
1408	9217
1411	9220
1413	9222
1414	9224
1415	9227
1416	9229
1418	9232
1419	9234
1418	9236
1419	9239
1421	9241
1423	9244
1425	9246
1426	9249
1429	9251
1430	9253
1431	9256
1431	9259
1431	9262
1432	9264
1433	9266
1434	9269
1435	9271
1436	9274
1437	9276
1438	9278
1439	9281
1440	9283
1441	9286
1442	9288
1443	9290
1444	9293
1446	9295
1447	9298
1448	9300
1448	9303
1450	9306
1452	9308
1454	9311
1454	9313
1454	9316
1456	9318
1456	9320
1458	9323
1459	9325
1460	9328
1460	9330
1461	9332
1462	9335
1463	9337
1465	9340
1468	9342
1468	9345
1468	9348
1467	9350
1467	9353
1467	9355
1468	9357
1468	9360
1469	9362
1469	9365
1470	9367
1471	9369
1472	9372
1472	9374
1473	9377
1474	9379
1474	9382
1476	9384
1477	9387
1478	9390
1479	9392
1480	9395
1479	9397
1479	9399
1480	9402
1481	9404
1482	9407
1482	9409
1482	9411
1484	9414
1485	9416
1485	9419
1485	9421
1485	9423
1485	9426
1485	9428
1486	9432
1486	9434
1487	9436
1488	9439
1489	9441
1491	9444
1492	9446
1492	9449
1491	9451
1492	9453
1492	9456
1492	9458
1492	9461
1491	9463
1491	9465
1491	9468
1491	9470
1491	9474
1491	9476
1492	9478
1492	9481
1492	9483
1492	9486
1492	9488
1493	9490
1493	9493
1494	9495
1494	9498
1493	9500
1494	9502
1493	9505
1493	9507
1494	9510
1494	9512
1494	9516
1496	9518
1498	9520
1498	9523
1497	9525
1498	9528
1497	9530
1496	9532
1495	9535
1495	9537
1495	9540
1495	9542
1495	9544
1496	9547
1496	9549
1497	9552
1497	9554
1498	9556
1498	9560
1498	9562
1498	9565
1497	9567
1497	9569
1497	9572
1498	9574
1498	9577
1498	9579
1498	9582
1498	9584
1498	9586
1498	9589
1499	9591
1499	9594
1499	9596
1500	9598
1500	9602
1501	9604
1501	9607
1501	9609
1500	9611
1500	9614
1500	9616
1502	9619
1502	9621
1502	9623
1503	9626
1503	9628
1503	9631
1503	9633
1503	9635
1504	9638
1505	9640
1505	9644
1506	9646
1507	9648
1508	9651
1507	9653
1508	9656
1508	9658
1509	9660
1509	9663
1510	9665
1510	9668
1511	9670
1512	9673
1513	9675
1512	9677
1512	9680
1511	9682
1511	9686
1511	9688
1511	9690
1511	9693
1511	9695
1511	9698
1511	9700
1511	9702
1511	9705
1511	9707
1512	9710
1513	9712
1513	9714
1514	9717
1514	9719
1514	9722
1515	9724
1515	9726
1515	9730
1516	9732
1517	9735
1516	9737
1516	9740
1516	9742
1515	9744
1515	9747
1515	9749
1514	9752
1514	9754
1514	9756
1513	9759
1514	9761
1513	9764
1513	9766
1513	9768
1513	9772
1513	9774
1513	9777
1513	9779
1513	9781
1512	9784
1512	9786
1512	9789
1512	9791
1512	9793
1512	9796
1511	9798
1511	9801
1512	9803
1513	9806
1512	9808
1511	9810
1510	9814
1509	9816
1509	9819
1508	9821
1507	9823
1505	9826
1504	9828
1503	9831
1502	9833
1501	9835
1500	9838
1500	9840
1498	9843
1497	9845
1495	9847
1494	9850
1493	9852
1492	9856
1491	9858
1491	9860
1490	9863
1488	9865
1488	9868
1487	9870
1487	9873
1485	9875
1485	9877
1485	9880
1485	9882
1485	9885
1484	9887
1483	9889
1483	9892
1483	9894
1483	9897
1483	9900
1483	9902
1483	9905
1484	9907
1485	9910
1485	9912
1486	9914
1486	9917
1486	9919
1485	9922
1484	9924
1484	9926
1484	9929
1484	9931
1484	9934
1484	9936
1484	9938
1484	9942
1484	9944
1484	9947
1484	9949
1485	9952
1485	9954
1484	9956
1484	9959
1485	9961
1486	9964
1487	9966
1487	9968
1488	9971
1489	9973
1489	9976
1489	9978
1491	9980
1491	9984
1491	9986
1491	9989
1492	9991
1492	9993
1492	9996
1492	9998
1493	10001
1494	10003
1494	10006
1495	10008
1495	10011
1496	10013
1497	10015
1497	10018
1498	10020
1499	10023
1500	10025
1501	10029
1501	10031
1502	10034
1502	10036
1503	10039
1504	10041
1504	10043
1505	10046
1506	10048
1506	10051
1507	10053
1508	10056
1509	10058
1508	10061
1508	10063
1508	10066
1508	10068
1508	10071
1509	10074
1509	10076
1509	10079
1510	10081
1510	10084
1510	10086
1510	10089
1510	10091
1509	10094
1509	10096
1509	10098
1509	10101
1510	10103
1510	10106
1510	10108
1510	10112
1510	10114
1510	10117
1510	10119
1510	10122
1510	10124
1510	10127
1511	10129
1512	10131
1513	10134
1514	10136
1514	10139
1512	10141
1512	10144
1512	10146
1512	10149
1512	10151
1512	10155
1513	10157
1513	10159
1513	10162
1513	10164
1513	10167
1513	10169
1514	10172
1514	10174
1514	10177
1514	10179
1514	10182
1514	10184
1514	10186
1514	10189
1513	10191
1512	10194
1513	10196
1514	10200
1514	10202
1514	10205
1514	10207
1515	10210
1515	10212
