1499	2
1499	4
1500	7
1500	9
1500	11
1499	13
1499	16
1499	18
1499	20
1499	23
1499	25
1499	27
1499	30
1499	32
1499	34
1499	36
1499	39
1498	41
1498	44
1498	47
1499	49
1500	51
1501	54
1501	56
1502	58
1502	61
1502	63
1501	65
1501	67
1501	70
1502	72
1504	74
1506	77
1507	79
1507	81
1508	84
1507	87
1507	89
1505	91
1504	94
1503	96
1502	98
1501	101
1500	103
1499	105
1498	108
1498	110
1497	112
1497	115
1497	117
1497	120
1496	122
1497	124
1498	128
1500	130
1500	132
1501	135
1501	137
1503	139
1506	142
1507	144
1507	146
1505	149
1503	151
1501	153
1500	156
1499	158
1499	161
1499	163
1498	165
1498	168
1498	171
1498	173
1498	176
1498	178
1497	180
1497	183
1497	185
1497	187
1498	190
1500	192
1501	194
1502	197
1502	199
1501	202
1501	204
1500	206
1500	209
1499	211
1498	214
1498	217
1498	219
1500	221
1501	224
1501	226
1501	228
1501	231
1500	233
1499	236
1498	238
1498	240
1499	243
1500	245
1501	247
1502	250
1503	252
1503	254
1502	258
1502	260
1501	262
1500	265
1499	267
1499	269
1498	272
1498	274
1498	277
1498	279
1498	281
1498	284
1497	286
1496	288
1495	291
1495	293
1495	295
1496	299
1497	301
1500	303
1501	306
1502	308
1501	310
1501	313
1500	315
1500	318
1500	320
1499	322
1498	325
1497	327
1496	329
1496	332
1495	334
1495	336
1495	339
1495	342
1495	344
1495	347
1494	349
1494	352
1493	354
1493	356
1492	359
1492	361
1492	363
1493	366
1493	368
1494	370
1495	373
1497	375
1498	377
1497	380
1497	382
1498	385
1497	388
1497	390
1497	393
1497	395
1498	397
1497	400
1497	402
1497	404
1496	407
1496	409
1497	411
1498	414
1499	416
1499	418
1498	421
1497	423
1496	425
1496	429
1495	431
1495	434
1496	436
1498	438
1498	441
1497	443
1496	445
1495	448
1495	450
1495	452
1496	455
1497	457
1498	459
1499	462
1499	464
1499	466
1499	470
1498	472
1497	475
1497	477
1496	479
1496	482
1495	484
1496	486
1497	489
1498	491
1498	493
1499	496
1498	498
1498	500
1497	503
1497	505
1497	508
1497	510
1498	513
1498	516
1498	518
1498	520
1497	523
1497	525
1496	527
1496	530
1497	532
1497	534
1498	537
1499	539
1499	541
1498	544
1498	546
1496	549
1495	551
1493	553
1492	557
1493	559
1494	561
1496	564
1499	566
1500	568
1499	571
1499	573
1498	575
1497	578
1498	580
1499	582
1501	585
1501	587
1501	590
1499	592
1498	594
1497	598
1496	600
1496	602
1498	605
1499	607
1498	609
1497	612
1495	614
1494	616
1494	619
1494	621
1495	624
1495	626
1495	628
1496	631
1497	633
1498	635
1500	638
1501	641
1501	643
1500	646
1499	648
1500	650
1501	653
1500	655
1499	658
1498	660
1498	662
1497	665
1497	667
1497	669
1498	672
1499	674
1500	676
1499	679
1497	681
1496	684
1495	687
1495	689
1495	691
1496	694
1497	696
1496	699
1495	701
1495	703
1494	706
1494	708
1493	710
1493	713
1494	715
1496	717
1497	720
1498	722
1499	724
1500	728
1499	730
1499	732
1499	735
1498	737
1497	740
1497	742
1497	744
1497	747
1497	749
1498	751
1499	754
1498	756
1497	758
1495	761
1494	763
1493	765
1492	769
1492	771
1492	774
1492	776
1494	778
1497	781
1498	783
1498	785
1498	788
1498	790
1498	792
1497	795
1498	797
1497	799
1497	802
1496	804
1496	806
1495	809
1495	812
1495	815
1495	817
1496	819
1496	822
1497	824
1497	826
1497	829
1496	831
1495	833
1494	836
1494	838
1494	840
1494	843
1495	845
1497	848
1499	850
1501	852
1501	856
1501	858
1501	860
1499	863
1498	865
1498	867
1497	870
1497	872
1497	874
1497	877
1497	879
1496	881
1495	884
1495	886
1495	889
1496	891
1497	893
1497	897
1498	899
1499	901
1499	904
1498	906
1498	908
1497	911
1498	913
1498	915
1499	918
1501	920
1502	922
1502	925
1500	927
1498	930
1496	932
1495	934
1495	937
1494	940
1494	942
1494	945
1494	947
1493	949
1493	952
1494	954
1494	956
1494	959
1494	961
1495	964
1497	966
1497	968
1496	971
1495	973
1494	975
1493	978
1493	980
1493	983
1493	986
1493	988
1493	990
1494	993
1497	995
1499	997
1501	1000
1500	1002
1498	1005
1496	1007
1493	1009
1492	1012
1490	1014
1490	1017
1490	1019
1490	1021
1490	1025
1492	1027
1493	1030
1494	1032
1495	1035
1495	1037
1495	1039
1494	1042
1493	1044
1493	1047
1493	1049
1493	1051
1494	1054
1494	1056
1495	1059
1496	1061
1496	1063
1497	1067
1497	1069
1497	1072
1496	1074
1494	1076
1493	1079
1493	1081
1492	1084
1490	1086
1489	1088
1489	1091
1490	1093
1491	1096
1491	1098
1491	1100
1492	1103
1493	1105
1494	1108
1493	1111
1492	1113
1491	1116
1491	1118
1491	1121
1492	1123
1492	1126
1493	1128
1494	1130
1493	1133
1493	1135
1493	1138
1495	1140
1496	1142
1496	1145
1495	1147
1494	1150
1493	1153
1492	1155
1491	1158
1490	1160
1490	1163
1491	1165
1492	1167
1492	1170
1492	1172
1492	1175
1491	1177
1492	1179
1493	1182
1494	1184
1494	1187
1496	1189
1498	1191
1498	1195
1497	1197
1495	1200
1493	1202
1493	1204
1493	1207
1493	1209
1492	1212
1492	1214
1492	1217
1492	1219
1492	1221
1493	1224
1494	1226
1494	1229
1494	1231
1494	1233
1493	1236
1492	1239
1492	1242
1491	1244
1491	1246
1491	1249
1491	1251
1491	1254
1493	1256
1496	1258
1498	1261
1499	1263
1498	1266
1496	1268
1495	1270
1494	1273
1494	1275
1494	1278
1495	1281
1495	1283
1495	1286
1495	1288
1496	1291
1495	1293
1495	1295
1494	1298
1494	1300
1494	1303
1495	1305
1495	1308
1494	1310
1494	1312
1494	1315
1494	1317
1493	1320
1494	1323
1496	1325
1497	1328
1496	1330
1496	1333
1495	1335
1496	1337
1498	1340
1499	1342
1499	1345
1499	1347
1498	1349
1497	1352
1497	1354
1497	1357
1496	1359
1495	1361
1494	1364
1494	1367
1494	1370
1496	1372
1498	1374
1498	1377
1497	1379
1497	1382
1497	1384
1497	1386
1497	1389
1497	1391
1497	1394
1498	1396
1500	1399
1501	1401
1501	1403
1499	1406
1499	1409
1499	1412
1499	1414
1498	1416
1496	1419
1496	1421
1495	1424
1496	1426
1496	1428
1497	1431
1497	1433
1497	1436
1497	1438
1498	1440
1498	1443
1498	1445
1498	1448
1497	1451
1496	1453
1495	1456
1497	1458
1498	1461
1499	1463
1498	1465
1498	1468
1497	1470
1496	1473
1495	1475
1494	1477
1494	1480
1494	1482
1494	1485
1494	1487
1495	1489
1495	1492
1495	1495
1494	1498
1493	1500
1493	1503
1494	1505
1495	1507
1495	1510
1494	1512
1494	1515
1495	1517
1496	1519
1496	1522
1495	1524
1494	1527
1494	1529
1494	1531
1493	1534
1494	1537
1494	1540
1495	1542
1496	1544
1497	1547
1498	1549
1497	1552
1497	1554
1496	1556
1497	1559
1498	1561
1497	1564
1497	1566
1499	1568
1500	1571
1500	1573
1499	1576
1499	1579
1498	1581
1497	1584
1496	1586
1495	1589
1494	1591
1494	1594
1496	1596
1497	1598
1498	1601
1498	1603
1498	1606
1498	1608
1498	1610
1498	1613
1498	1615
1498	1618
1497	1620
1497	1623
1498	1626
1498	1628
1496	1631
1495	1633
1493	1635
1492	1638
1491	1640
1491	1643
1492	1645
1495	1647
1497	1650
1499	1652
1499	1655
1498	1657
1497	1659
1496	1662
1495	1665
1494	1668
1494	1670
1493	1672
1492	1675
1492	1677
1493	1680
1495	1682
1496	1684
1496	1687
1495	1689
1494	1692
1495	1694
1495	1696
1495	1699
1495	1701
1496	1704
1497	1707
1497	1710
1498	1712
1498	1714
1497	1717
1497	1719
1495	1722
1495	1724
1496	1726
1498	1729
1499	1731
1499	1734
1498	1736
1498	1738
1497	1741
1498	1743
1498	1746
1497	1748
1497	1751
1500	1754
1503	1756
1506	1759
1509	1761
1513	1763
1514	1766
1513	1768
1514	1771
1519	1773
1521	1775
1520	1778
1517	1780
1514	1783
1514	1785
1517	1787
1524	1790
1528	1793
1530	1796
1530	1798
1530	1801
1527	1803
1524	1805
1523	1808
1522	1810
1526	1813
1532	1815
1533	1817
1531	1820
1528	1822
1527	1825
1526	1827
1526	1829
1524	1832
1520	1835
1518	1838
1516	1840
1514	1842
1512	1845
1509	1847
1507	1850
1505	1852
1503	1854
1502	1857
1511	1859
1521	1862
1527	1864
1527	1866
1525	1869
1523	1871
1522	1874
1521	1876
1519	1879
1518	1882
1517	1884
1517	1887
1517	1889
1516	1892
1513	1894
1517	1896
1525	1899
1530	1901
1535	1904
1544	1906
1545	1908
1539	1911
1534	1913
1528	1916
1523	1918
1518	1921
1517	1924
1524	1926
1531	1929
1533	1931
1536	1933
1540	1936
1542	1938
1538	1941
1533	1943
1533	1945
1532	1948
1527	1950
1518	1953
1513	1955
1510	1957
1507	1960
1509	1963
1512	1966
1519	1968
1525	1971
1537	1973
1546	1975
1548	1978
1547	1980
1551	1983
1551	1985
1549	1987
1543	1990
1540	1992
1547	1995
1566	1997
1588	1999
1592	2002
1586	2004
1577	2008
1569	2010
1568	2012
1571	2015
1597	2017
1603	2020
1590	2022
1569	2024
1538	2027
1510	2029
1498	2032
1499	2034
1498	2036
1503	2039
1523	2041
1555	2044
1569	2046
1567	2049
1548	2052
1524	2054
1521	2057
1543	2059
1559	2062
1569	2064
1581	2066
1584	2069
1570	2071
1563	2074
1555	2076
1531	2078
1514	2081
1512	2083
1515	2086
1501	2088
1471	2091
1460	2094
1479	2096
1492	2099
1490	2101
1471	2103
1449	2106
1436	2108
1444	2111
1450	2113
1462	2115
1465	2118
1458	2120
1451	2123
1441	2125
1436	2127
1452	2130
1472	2132
1479	2136
1476	2138
1464	2140
1450	2143
1439	2145
1426	2148
1426	2150
1449	2153
1467	2155
1477	2157
1479	2160
1470	2162
1444	2165
1416	2167
1405	2169
1409	2172
1416	2174
1426	2178
1437	2180
1439	2182
1438	2185
1434	2187
1436	2190
1432	2192
1427	2194
1424	2197
1421	2199
1412	2202
1402	2204
1399	2206
1411	2209
1428	2211
1426	2214
1423	2216
1439	2219
1449	2222
1447	2224
1437	2227
1424	2229
1411	2231
1409	2234
1429	2236
1436	2239
1433	2241
1423	2244
1411	2246
1407	2248
1400	2251
1396	2253
1398	2256
1400	2258
1401	2260
1410	2264
1433	2266
1453	2269
1467	2271
1485	2273
1495	2276
1482	2278
1478	2281
1470	2283
1453	2285
1441	2288
1452	2290
1457	2293
1460	2295
1470	2297
1480	2300
1474	2302
1464	2306
1459	2308
1452	2310
1448	2313
1440	2315
1432	2318
1445	2320
1458	2323
1462	2325
1457	2327
1447	2330
1441	2332
1441	2335
1448	2337
1461	2339
1465	2342
1475	2344
1502	2348
1513	2350
1506	2352
1497	2355
1479	2357
1461	2360
1454	2362
1464	2364
1489	2367
1499	2369
1490	2372
1468	2374
1446	2376
1443	2379
1460	2381
1466	2384
1465	2386
1457	2388
1447	2392
1447	2394
1453	2397
1456	2399
1462	2401
1472	2404
1514	2406
1528	2409
1513	2411
1486	2414
1485	2416
1511	2418
1522	2421
1506	2423
1479	2426
1455	2428
1447	2430
1456	2434
1467	2436
1466	2439
1464	2441
1478	2443
1503	2446
1520	2448
1525	2451
1525	2453
1516	2455
1503	2458
1495	2460
1492	2463
1489	2465
1483	2467
1472	2470
1469	2472
1485	2476
1499	2478
1508	2480
1518	2483
1518	2485
1511	2488
1527	2490
1537	2492
1525	2495
1508	2497
1495	2500
1477	2502
1469	2505
1473	2507
1479	2509
1485	2512
1501	2514
1524	2518
1534	2520
1530	2522
1510	2525
1490	2527
1483	2530
1494	2532
1512	2534
1514	2537
1503	2539
1496	2542
1496	2544
1511	2546
1513	2549
1500	2551
1489	2554
1499	2556
1519	2558
1528	2562
1523	2564
1509	2567
1500	2569
1497	2571
1497	2574
1500	2576
1513	2579
1547	2581
1559	2584
1547	2586
1524	2588
1506	2591
1489	2593
1489	2596
1491	2598
1486	2600
1483	2604
1481	2606
1482	2609
1501	2611
1510	2613
1500	2616
1482	2618
1475	2621
1481	2623
1507	2625
1538	2628
1539	2630
1531	2633
1521	2635
1503	2637
1486	2640
1490	2642
1489	2646
1482	2648
1481	2650
1475	2653
1480	2655
1485	2658
1494	2660
1500	2662
1508	2665
1505	2667
1489	2670
1473	2672
1471	2674
1477	2677
1479	2679
1479	2682
1493	2684
1499	2688
1492	2690
1487	2692
1501	2695
1515	2697
1515	2700
1505	2702
1520	2704
1533	2707
1530	2709
1517	2712
1506	2714
1492	2716
1487	2719
1508	2721
1523	2724
1522	2726
1503	2728
1481	2732
1480	2734
1510	2737
1529	2739
1520	2741
1497	2744
1479	2746
1466	2749
1471	2751
1490	2753
1499	2756
1506	2758
1514	2761
1510	2763
1496	2765
1485	2768
1477	2770
1474	2774
1493	2776
1514	2779
1504	2781
1482	2783
1469	2786
1470	2788
1482	2791
1485	2793
1478	2795
1472	2798
1480	2800
1495	2803
1498	2805
1497	2807
1498	2810
1508	2812
1511	2816
1502	2818
1499	2820
1503	2823
1499	2825
1503	2828
1522	2830
1531	2832
1517	2835
1501	2837
1495	2840
1493	2842
1485	2844
1481	2847
1490	2849
1505	2852
1514	2854
1503	2856
1491	2860
1475	2862
1467	2865
1468	2867
1483	2870
1486	2872
1485	2874
1491	2877
1506	2879
1516	2882
1526	2884
1521	2886
1510	2889
1502	2891
1497	2894
1503	2896
1508	2898
1501	2902
1497	2904
1496	2907
1500	2909
1489	2911
1471	2914
1461	2916
1470	2919
1506	2921
1522	2923
1516	2926
1499	2928
1487	2931
1485	2933
1487	2935
1483	2938
1479	2940
1482	2944
1505	2946
1519	2949
1518	2951
1513	2953
1507	2956
1497	2958
1500	2961
1517	2963
1516	2965
1501	2968
1496	2970
1498	2973
1495	2975
1489	2977
1483	2980
1482	2982
1482	2985
1483	2988
1495	2990
1497	2993
1495	2995
1495	2998
1490	3000
1484	3002
1497	3005
1505	3007
1533	3010
1551	3012
1544	3014
1529	3017
1504	3019
1487	3022
1502	3024
1518	3027
1513	3030
1499	3032
1485	3035
1469	3037
1471	3040
1480	3042
1493	3044
1493	3047
1489	3049
1489	3052
1497	3054
1499	3056
1498	3059
1503	3061
1515	3064
1531	3066
1529	3068
1525	3072
1519	3074
1519	3077
1513	3079
1497	3081
1483	3084
1486	3086
1495	3089
1497	3091
1498	3093
1498	3096
1493	3098
1501	3101
1503	3103
1515	3106
1518	3108
1510	3110
1497	3113
1488	3116
1481	3119
1476	3121
1474	3123
1478	3126
1477	3128
1478	3131
1484	3133
1516	3135
1548	3138
1544	3140
1522	3143
1510	3145
1496	3147
1499	3150
1511	3152
1520	3155
1522	3158
1512	3160
1501	3163
1495	3165
1490	3168
1490	3170
1489	3173
1482	3175
1479	3177
1484	3180
1501	3182
1511	3185
1510	3187
1499	3189
1491	3192
1485	3194
1483	3197
1487	3200
1492	3202
1497	3205
1493	3207
1486	3210
1487	3212
1501	3214
1514	3217
1527	3219
1524	3222
1515	3224
1512	3226
1527	3229
1526	3231
1507	3234
1484	3236
1478	3238
1481	3241
1478	3244
1473	3247
1467	3249
1463	3251
1460	3254
1472	3256
1494	3259
1504	3261
1503	3264
1499	3266
1493	3268
1490	3271
1494	3273
1506	3276
1513	3278
1512	3280
1519	3283
1514	3286
1499	3289
1491	3291
1493	3293
1497	3296
1492	3298
1481	3301
1476	3303
1482	3305
1488	3308
1492	3310
1495	3313
1497	3315
1492	3317
1482	3320
1481	3322
1497	3325
1506	3328
1517	3330
1520	3333
1520	3335
1517	3338
1504	3340
1493	3342
1483	3345
1481	3347
1491	3350
1496	3352
1493	3355
1485	3357
1484	3359
1480	3362
1481	3364
1492	3367
1497	3369
1507	3372
1509	3375
1499	3377
1485	3380
1478	3382
1479	3384
1482	3387
1484	3389
1482	3392
1479	3394
1485	3396
1508	3399
1529	3401
1535	3404
1522	3406
1505	3408
1497	3411
1493	3414
1503	3417
1502	3419
1497	3421
1500	3424
1498	3426
1493	3429
1492	3431
1498	3433
1497	3436
1486	3438
1477	3441
1471	3443
1477	3446
1484	3448
1489	3450
1493	3453
1498	3456
1494	3459
1494	3461
1515	3463
1535	3466
1536	3468
1527	3471
1510	3473
1494	3475
1484	3478
1490	3480
1509	3483
1520	3485
1519	3487
1511	3490
1507	3492
1498	3495
1491	3497
1494	3500
1495	3503
1489	3505
1492	3508
1503	3510
1504	3512
1501	3515
1499	3517
1492	3520
1492	3522
1507	3525
1517	3527
1508	3529
1494	3532
1485	3534
1481	3537
1482	3539
1490	3542
1501	3545
1504	3547
1510	3550
1525	3552
1539	3554
1531	3557
1514	3559
1501	3562
1483	3564
1470	3566
1467	3569
1479	3571
1512	3574
1535	3576
1529	3578
1510	3581
1492	3584
1485	3587
1487	3589
1488	3591
1495	3594
1513	3596
1517	3599
1521	3601
1522	3604
1513	3606
1504	3608
1501	3611
1504	3613
1501	3616
1502	3618
1509	3620
1509	3623
1508	3625
1513	3629
1516	3631
1514	3633
1504	3636
1497	3638
1499	3641
1498	3643
1501	3645
1507	3648
1503	3650
1498	3653
1492	3655
1488	3657
1487	3660
1497	3662
1499	3665
1493	3667
1494	3670
1497	3673
1502	3675
1519	3678
1533	3680
1534	3682
1521	3685
1504	3687
1489	3690
1485	3692
1487	3695
1501	3697
1509	3699
1511	3702
1504	3704
1494	3707
1500	3709
1504	3712
1492	3715
1480	3717
1472	3720
1466	3722
1462	3724
1465	3727
1470	3729
1474	3732
1484	3734
1496	3736
1500	3739
1503	3741
1512	3744
1511	3746
1505	3748
1501	3751
1492	3753
1493	3757
1513	3759
1515	3762
1502	3764
1493	3766
1488	3769
1482	3771
1478	3774
1488	3776
1497	3778
1493	3781
1486	3783
1489	3786
1494	3788
1495	3790
1500	3793
1505	3795
1510	3799
1510	3801
1506	3803
1494	3806
1496	3808
1502	3811
1496	3813
1484	3815
1479	3818
1483	3820
1486	3823
1484	3825
1486	3828
1489	3830
1491	3832
1494	3835
1495	3837
1497	3841
1500	3843
1492	3845
1483	3848
1477	3850
1479	3853
1487	3855
1490	3857
1488	3860
1484	3862
1478	3865
1477	3867
1487	3869
1497	3872
1499	3874
1495	3877
1492	3879
1494	3881
1494	3885
1488	3887
1503	3890
1527	3892
1533	3894
1522	3897
1505	3899
1488	3902
1486	3904
1488	3906
1482	3909
1479	3911
1486	3914
1486	3916
1485	3919
1482	3921
1479	3923
1479	3927
1483	3929
1487	3932
1495	3934
1505	3936
1504	3939
1494	3941
1486	3944
1488	3946
1489	3948
1486	3951
1484	3953
1485	3956
1495	3958
1514	3960
1517	3963
1506	3965
1497	3969
1508	3971
1517	3973
1517	3976
1505	3978
1488	3981
1476	3983
1468	3985
1465	3988
1475	3990
1500	3993
1510	3995
1508	3998
1496	4000
1486	4002
1487	4005
1494	4007
1497	4011
1494	4013
1497	4015
1503	4018
1502	4020
1494	4023
1485	4025
1481	4027
1489	4030
1495	4032
1491	4035
1484	4037
1481	4039
1485	4042
1494	4044
1507	4047
1516	4049
1510	4051
1498	4055
1490	4057
1487	4060
1488	4062
1486	4064
1488	4067
1491	4069
1495	4072
1506	4074
1510	4076
1499	4079
1485	4081
1481	4084
1481	4086
1491	4088
1499	4091
1499	4093
1492	4097
1483	4099
1478	4102
1496	4104
1511	4106
1511	4109
1504	4111
1508	4114
1510	4116
1519	4118
1517	4121
1502	4123
1487	4126
1479	4128
1476	4130
1478	4133
1479	4135
1479	4139
1485	4141
1487	4143
1489	4146
1504	4148
1511	4151
1512	4153
1515	4155
1514	4158
1504	4160
1492	4163
1486	4165
1484	4167
1492	4170
1504	4172
1505	4175
1498	4177
1487	4180
1490	4183
1501	4185
1505	4188
1502	4190
1493	4193
1481	4195
1477	4197
1479	4200
1479	4202
1477	4205
1483	4207
1491	4209
1502	4212
1514	4214
1515	4217
1509	4219
1501	4221
1503	4225
1506	4227
1500	4230
1493	4232
1501	4234
1512	4237
1508	4239
1496	4242
1492	4244
1495	4246
1496	4249
1490	4251
1492	4254
1494	4256
1496	4258
1494	4261
1488	4263
1485	4267
1482	4269
1490	4272
1501	4274
1499	4276
1488	4279
1484	4281
1496	4284
1516	4286
1518	4288
1509	4291
1498	4293
1483	4296
1468	4298
1465	4300
1495	4303
1518	4305
1518	4308
1510	4311
1500	4313
1509	4316
1516	4318
1517	4321
1511	4323
1496	4325
1481	4328
1477	4330
1491	4333
1503	4335
1499	4338
1485	4340
1475	4342
1482	4345
1485	4347
1480	4350
1478	4353
1475	4355
1470	4358
1467	4360
1483	4363
1518	4365
1530	4367
1516	4370
1500	4372
1492	4375
1496	4377
1504	4379
1518	4382
1517	4384
1508	4387
1506	4389
1508	4391
1497	4395
1491	4397
1498	4400
1504	4402
1501	4404
1489	4407
1487	4409
1498	4412
1500	4414
1497	4417
1505	4419
1502	4421
1486	4424
1473	4426
1462	4429
1485	4431
1501	4433
1494	4436
1482	4439
1480	4442
1480	4444
1479	4446
1478	4449
1478	4451
1505	4454
1531	4456
1526	4458
1512	4461
1503	4463
1493	4466
1490	4468
1485	4470
1478	4473
1466	4475
1464	4478
1478	4481
1487	4484
1490	4486
1491	4488
1484	4491
1468	4493
1465	4496
1474	4498
1481	4500
1482	4503
1480	4505
1471	4508
1467	4510
1468	4512
1475	4515
1483	4517
1496	4520
1508	4523
1516	4525
1509	4528
1491	4530
1476	4533
1473	4535
1479	4537
1480	4540
1479	4542
1478	4545
1473	4547
1465	4549
1457	4552
1458	4554
1483	4557
1502	4559
1505	4561
1499	4564
1491	4567
1482	4570
1476	4572
1478	4575
1491	4577
1499	4579
1495	4582
1493	4584
1498	4587
1496	4589
1495	4591
1493	4594
1492	4596
1504	4599
1511	4601
1509	4603
1497	4606
1486	4609
1471	4612
1458	4614
1450	4616
1445	4619
1449	4621
1462	4624
1484	4626
1513	4628
1527	4631
1539	4633
1535	4636
1518	4638
1495	4641
1478	4643
1472	4645
1484	4648
1492	4651
1492	4654
1492	4656
1489	4658
1482	4661
1498	4663
1517	4666
1533	4668
1528	4670
1509	4673
1492	4675
1473	4678
1466	4680
1480	4682
1487	4685
1478	4687
1462	4690
1452	4692
1449	4695
1448	4698
1450	4700
1466	4703
1500	4705
1516	4707
1508	4710
1496	4712
1510	4715
1521	4717
1512	4720
1500	4722
1487	4724
1479	4727
1492	4729
1506	4732
1502	4734
1490	4737
1483	4740
1483	4742
1485	4745
1484	4747
1475	4749
1468	4752
1482	4754
1505	4757
1513	4759
1507	4761
1504	4764
1507	4766
1504	4769
1491	4771
1471	4773
1454	4776
1452	4779
1462	4782
1471	4784
1487	4787
1509	4789
1525	4791
1534	4794
1529	4796
1518	4799
1494	4801
1470	4803
1459	4806
1455	4808
1486	4811
1517	4813
1531	4815
1519	4818
1503	4820
1485	4824
1482	4826
1482	4828
1474	4831
1464	4833
1461	4836
1463	4838
1469	4840
1491	4843
1512	4845
1512	4848
1500	4850
1490	4852
1488	4855
1494	4857
1494	4860
1484	4862
1474	4865
1471	4868
1482	4870
1497	4873
1512	4875
1516	4878
1510	4880
1509	4882
1506	4885
1493	4887
1479	4890
1470	4892
1466	4894
1466	4897
1473	4899
1475	4902
1476	4904
1477	4907
1484	4910
1489	4912
1486	4915
1488	4917
1497	4919
1494	4922
1485	4924
1480	4927
1482	4929
1486	4931
1488	4934
1494	4936
1491	4939
1484	4941
1482	4943
1482	4946
1489	4948
1507	4952
1513	4954
1502	4956
1489	4959
1481	4961
1478	4964
1479	4966
1486	4969
1488	4971
1494	4973
1499	4976
1501	4978
1500	4981
1496	4983
1488	4985
1477	4988
1478	4990
1478	4994
1476	4996
1483	4998
1491	5001
1491	5003
1485	5006
1481	5008
1477	5010
1479	5013
1498	5015
1515	5018
1521	5020
1518	5022
1515	5025
1515	5027
1512	5030
1503	5032
1489	5035
1473	5038
1463	5040
1457	5043
1460	5045
1467	5048
1474	5050
1487	5052
1503	5055
1502	5057
1487	5060
1480	5062
1482	5064
1486	5067
1497	5069
1509	5072
1506	5074
1492	5076
1479	5080
1473	5082
1475	5085
1481	5087
1485	5089
1496	5092
1500	5094
1500	5097
1514	5099
1514	5101
1501	5104
1490	5106
1490	5109
1490	5111
1488	5114
1489	5116
1495	5118
1497	5122
1494	5124
1497	5127
1515	5129
1525	5131
1516	5134
1494	5136
1478	5139
1468	5141
1466	5143
1470	5146
1475	5148
1478	5151
1478	5153
1476	5155
1474	5158
1475	5160
1494	5164
1510	5166
1509	5168
1498	5171
1491	5173
1488	5176
1483	5178
1484	5180
1497	5183
1514	5185
1518	5188
1508	5190
1501	5192
1500	5195
1499	5197
1497	5200
1502	5202
1507	5206
1512	5208
1505	5210
1488	5213
1471	5215
1462	5218
1460	5220
1459	5222
1458	5225
1466	5227
1472	5230
1474	5232
1477	5234
1486	5237
1496	5239
1494	5242
1487	5244
1477	5246
1475	5250
1495	5252
1521	5255
1528	5257
1532	5259
1522	5262
1505	5264
1497	5267
1494	5269
1497	5271
1497	5274
1488	5276
1474	5279
1462	5281
1463	5283
1471	5286
1470	5288
1462	5292
1458	5294
1466	5297
1495	5299
1508	5301
1501	5304
1492	5306
1486	5309
1488	5311
1488	5313
1483	5316
1480	5318
1483	5321
1484	5323
1486	5325
1504	5328
1508	5330
1502	5334
1500	5336
1502	5338
1496	5341
1492	5343
1498	5346
1515	5348
1529	5350
1522	5353
1504	5355
1490	5358
1480	5360
1478	5362
1482	5365
1485	5367
1486	5370
1489	5372
1501	5376
1502	5378
1491	5380
1476	5383
1468	5385
1482	5388
1495	5390
1491	5392
1484	5395
1489	5397
1499	5400
1504	5402
1503	5404
1499	5407
1492	5409
1494	5412
1501	5414
1495	5416
1488	5420
1491	5422
1488	5425
1486	5427
1487	5429
1485	5432
1478	5434
1470	5437
1470	5439
1478	5442
1493	5444
1508	5446
1510	5449
1511	5451
1503	5454
1491	5456
1480	5458
1486	5462
1502	5464
1515	5467
1517	5469
1510	5471
1497	5474
1498	5476
1496	5479
1485	5481
1477	5483
1483	5486
1492	5488
1504	5491
1501	5493
1492	5495
1481	5498
1482	5500
1494	5504
1507	5506
1509	5508
1506	5511
1504	5513
1511	5516
1523	5518
1524	5521
1508	5523
1490	5525
1485	5528
1505	5530
1512	5533
1499	5535
1502	5537
1505	5540
1495	5542
1479	5545
1472	5548
1471	5550
1475	5553
1481	5555
1493	5558
1504	5560
1503	5562
1501	5565
1505	5567
1511	5570
1511	5572
1517	5574
1519	5577
1509	5579
1497	5582
1489	5584
1488	5586
1495	5590
1517	5592
1526	5595
1518	5597
1516	5600
1519	5602
1513	5604
1504	5607
1498	5609
1490	5612
1485	5614
1479	5616
1485	5619
1489	5621
1489	5624
1489	5626
1486	5628
1485	5632
1491	5634
1501	5637
1506	5639
1502	5641
1493	5644
1481	5646
1476	5649
1479	5651
1487	5653
1505	5656
1520	5658
1517	5661
1507	5663
1509	5665
1510	5668
1531	5670
1553	5673
1545	5676
1534	5679
1517	5681
1501	5683
1492	5686
1493	5688
1497	5691
1493	5693
1486	5695
1477	5698
1472	5700
1467	5703
1469	5705
1473	5707
1477	5710
1481	5712
1480	5715
1490	5718
1503	5720
1513	5723
1518	5725
1514	5728
1521	5730
1517	5732
1501	5735
1504	5737
1516	5740
1523	5742
1523	5744
1517	5747
1503	5749
1494	5752
1504	5754
1509	5757
1498	5760
1481	5762
1469	5765
1459	5767
1458	5770
1469	5772
1478	5774
1478	5777
1474	5779
1480	5782
1490	5784
1492	5786
1499	5789
1505	5791
1498	5794
1493	5796
1499	5798
1498	5801
1492	5804
1487	5807
1478	5809
1482	5811
1497	5814
1506	5816
1500	5819
1486	5821
1473	5823
1461	5826
1458	5828
1466	5831
1471	5833
1481	5836
1498	5838
1507	5840
1501	5843
1488	5846
1473	5849
1469	5851
1483	5853
1494	5856
1494	5858
1489	5861
1483	5863
1486	5865
1504	5868
1509	5870
1505	5873
1495	5875
1482	5877
1479	5880
1485	5882
1486	5885
1481	5888
1487	5890
1498	5893
1512	5895
1520	5898
1515	5900
1506	5902
1496	5905
1486	5907
1475	5910
1471	5912
1470	5915
1470	5917
1473	5919
1498	5922
1515	5924
1508	5927
1498	5929
1490	5932
1491	5935
1491	5937
1485	5940
1488	5942
1492	5944
1491	5947
1489	5949
1496	5952
1502	5954
1509	5956
1509	5959
1504	5961
1503	5964
1506	5966
1503	5969
1505	5971
1508	5974
1520	5977
1518	5979
1512	5982
1500	5984
1484	5986
1473	5989
1474	5991
1477	5994
1476	5996
1473	5998
1473	6001
1484	6003
1517	6006
1525	6008
1510	6010
1494	6013
1484	6016
1484	6019
1492	6021
1493	6023
1488	6026
1478	6028
1481	6031
1498	6033
1521	6036
1522	6038
1508	6040
1494	6043
1485	6045
1480	6048
1488	6050
1492	6052
1488	6055
1481	6057
1474	6061
1474	6063
1497	6065
1508	6068
1506	6070
1498	6073
1488	6075
1495	6077
1520	6080
1540	6082
1538	6085
1520	6087
1509	6089
1496	6092
1481	6094
1469	6097
1465	6099
1465	6102
1479	6105
1482	6107
1472	6110
1463	6112
1460	6114
1472	6117
1489	6119
1506	6122
1520	6124
1538	6127
1540	6129
1525	6131
1505	6134
1499	6136
1487	6139
1472	6141
1465	6144
1470	6147
1472	6149
1469	6152
1470	6154
1474	6156
1479	6159
1478	6161
1475	6164
1472	6166
1472	6168
1489	6171
1500	6173
1496	6176
1491	6178
1490	6181
1488	6183
1495	6185
1500	6189
1496	6191
1489	6194
1514	6196
1543	6198
1546	6201
1535	6203
1523	6206
1497	6208
1482	6210
1488	6213
1499	6215
1496	6218
1483	6220
1475	6222
1479	6225
1486	6227
1486	6231
1491	6233
1506	6235
1510	6238
1501	6240
1488	6243
1487	6245
1498	6247
1498	6250
1499	6252
1505	6255
1520	6257
1521	6260
1509	6262
1494	6264
1484	6267
1478	6269
1479	6273
1489	6275
1500	6277
1490	6280
1475	6282
1492	6285
1503	6287
1504	6289
1497	6292
1493	6294
1501	6297
1503	6299
1491	6301
1481	6304
1482	6306
1478	6309
1472	6311
1463	6313
1470	6317
1497	6319
1519	6322
1523	6324
1508	6327
1494	6329
1500	6331
1500	6334
1483	6336
1467	6339
1460	6341
1458	6343
1484	6346
1502	6348
1497	6351
1480	6353
1493	6355
1505	6359
1499	6361
1486	6364
1466	6366
1450	6368
1437	6371
1442	6373
1458	6376
1467	6378
1470	6380
1490	6383
1507	6385
1511	6388
1499	6390
1485	6393
1479	6395
1480	6397
1492	6401
1504	6403
1509	6406
1499	6408
1481	6410
1477	6413
1490	6415
1489	6418
1483	6420
1479	6422
1478	6425
1485	6427
1483	6430
1476	6432
1472	6434
1478	6437
1515	6439
1531	6443
1524	6445
1505	6447
1487	6450
1472	6452
1463	6455
1460	6457
1470	6459
1482	6462
1487	6464
1480	6467
1471	6469
1473	6471
1474	6474
1472	6476
1474	6479
1472	6481
1473	6483
1487	6487
1490	6489
1486	6492
1503	6494
1506	6497
1494	6499
1484	6501
1472	6504
1472	6506
1482	6509
1491	6511
1485	6513
1494	6516
1515	6518
1528	6521
1518	6523
1494	6525
1479	6529
1478	6531
1491	6534
1499	6536
1486	6538
1466	6541
1455	6543
1453	6546
1469	6548
1505	6550
1513	6553
1495	6555
1476	6558
1466	6560
1472	6562
1477	6565
1467	6567
1459	6571
1481	6573
1512	6575
1542	6578
1555	6580
1542	6583
1522	6585
1503	6588
1486	6590
1490	6592
1492	6595
1485	6597
1474	6600
1467	6602
1461	6604
1466	6607
1498	6609
1532	6612
1533	6615
1513	6617
1504	6620
1497	6622
1492	6625
1502	6627
1510	6629
1513	6632
1515	6634
1507	6637
1497	6639
1488	6641
1484	6644
1485	6646
1481	6649
1467	6651
1454	6653
1451	6657
1455	6659
1466	6662
1489	6664
1514	6667
1530	6669
1529	6671
1508	6674
1493	6676
1494	6679
1523	6681
1540	6683
1536	6686
1504	6688
1473	6691
1446	6693
1430	6695
1425	6699
1426	6701
1453	6704
1472	6706
1490	6708
1509	6711
1520	6713
1512	6716
1506	6718
1495	6720
1485	6723
1473	6725
1464	6728
1468	6730
1472	6732
1468	6735
1477	6737
1480	6740
1479	6743
1480	6745
1493	6748
1497	6750
1501	6753
1529	6755
1536	6758
1514	6760
1495	6762
1475	6765
1464	6767
1469	6770
1486	6772
1499	6774
1503	6777
1494	6779
1494	6782
1497	6785
1496	6787
1492	6790
1483	6792
1468	6795
1468	6797
1469	6799
1464	6802
1460	6804
1462	6807
1486	6809
1519	6811
1531	6814
1517	6816
1501	6819
1489	6821
1482	6823
1471	6827
1459	6829
1451	6832
1459	6834
1489	6837
1510	6839
1507	6841
1487	6844
1476	6846
1499	6849
1519	6851
1522	6853
1516	6856
1510	6858
1500	6861
1492	6863
1484	6865
1483	6868
1476	6871
1467	6874
1462	6876
1470	6878
1482	6881
1501	6883
1512	6886
1508	6888
1492	6890
1497	6893
1515	6895
1526	6898
1532	6900
1532	6902
1521	6905
1497	6907
1488	6910
1481	6913
1476	6915
1469	6918
1463	6920
1467	6923
1477	6925
1498	6928
1500	6930
1492	6932
1480	6935
1467	6937
1450	6940
1454	6942
1464	6944
1469	6947
1470	6949
1464	6952
1459	6955
1472	6957
1494	6960
1535	6962
1551	6965
1535	6967
1509	6969
1484	6972
1466	6974
1463	6977
1469	6979
1490	6981
1539	6984
1563	6986
1546	6989
1511	6991
1482	6993
1460	6996
1450	6999
1447	7002
1449	7004
1448	7007
1447	7009
1448	7011
1449	7014
1449	7016
1449	7019
1464	7021
1485	7023
1514	7026
1521	7028
1508	7031
1486	7033
1476	7035
1476	7038
1492	7041
1505	7044
1505	7046
1496	7048
1493	7051
1494	7053
1489	7056
1480	7058
1469	7060
1462	7063
1457	7065
1457	7068
1462	7070
1466	7073
1465	7075
1467	7077
1476	7080
1486	7083
1500	7086
1507	7088
1513	7090
1511	7093
1502	7095
1494	7098
1494	7100
1498	7102
1513	7105
1518	7107
1507	7110
1489	7112
1480	7114
1470	7117
1463	7119
1458	7122
1456	7124
1456	7127
1457	7130
1459	7132
1461	7135
1468	7137
1489	7139
1502	7142
1498	7144
1489	7147
1480	7149
1475	7152
1472	7154
1472	7156
1478	7159
1490	7161
1512	7164
1528	7166
1529	7169
1516	7172
1502	7174
1489	7177
1478	7179
1472	7181
1470	7184
1467	7186
1468	7189
1480	7191
1496	7193
1502	7196
1503	7198
1505	7201
1500	7203
1492	7205
1487	7208
1480	7211
1477	7214
1478	7216
1478	7219
1477	7221
1478	7223
1481	7226
1481	7228
1483	7231
1484	7233
1482	7235
1480	7238
1478	7240
1478	7243
1478	7245
1481	7247
1492	7250
1501	7252
1509	7256
1513	7258
1508	7260
1499	7263
1492	7265
1487	7268
1484	7270
1482	7272
1482	7275
1481	7277
1481	7280
1484	7282
1486	7285
1486	7287
1484	7289
1483	7292
1482	7294
1483	7298
1483	7300
1483	7302
1483	7305
1484	7307
1484	7310
1483	7312
1482	7314
1482	7317
1481	7319
1481	7322
1480	7324
1480	7326
1480	7329
1479	7331
1478	7334
1478	7336
1477	7339
1477	7342
1476	7344
1476	7347
1475	7349
1475	7352
1475	7354
1475	7356
1475	7359
1475	7361
1475	7364
1475	7366
1475	7368
1475	7371
1475	7373
1475	7376
1476	7378
1476	7380
1476	7384
1476	7386
1475	7389
1475	7391
1475	7393
1475	7396
1476	7398
1476	7401
1476	7403
1476	7405
1475	7408
1475	7410
1475	7413
1475	7415
1475	7418
1476	7420
1476	7422
1476	7426
1475	7428
1474	7431
1474	7433
1475	7435
1476	7438
1477	7440
1478	7443
1478	7445
1479	7447
1480	7450
1481	7452
1482	7455
1484	7457
1484	7459
1485	7462
1485	7464
1486	7468
1486	7470
1486	7472
1486	7475
1486	7477
1486	7480
1486	7482
1486	7485
1486	7487
1486	7489
1486	7492
1487	7494
1488	7497
1489	7499
1489	7501
1490	7504
1490	7506
1491	7510
1492	7512
1493	7514
1495	7517
1497	7519
1498	7522
1500	7524
1502	7526
1504	7529
1506	7531
1508	7534
1510	7536
1513	7538
1516	7541
1519	7543
1522	7546
1527	7548
1533	7552
1537	7554
1542	7556
1546	7559
1549	7561
1549	7564
1549	7566
1546	7568
1544	7571
1542	7573
1540	7576
1539	7578
1539	7580
1539	7583
1539	7585
1538	7588
1538	7590
1536	7592
1535	7596
1533	7598
1532	7601
1531	7603
1529	7605
1529	7608
1529	7610
1530	7613
1531	7615
1531	7618
1531	7620
1532	7622
1533	7625
1535	7627
1537	7630
1539	7632
1542	7634
1545	7638
1549	7640
1553	7643
1559	7645
1564	7647
1570	7650
1575	7652
1578	7655
1581	7657
1583	7659
1585	7662
1586	7664
1587	7667
1586	7669
1585	7671
1583	7674
1579	7676
1575	7680
1570	7682
1565	7685
1561	7687
1556	7689
1551	7692
1547	7694
1542	7697
1536	7699
1532	7701
1528	7704
1525	7706
1524	7709
1523	7711
1524	7713
1525	7716
1526	7718
1529	7721
1533	7724
1537	7726
1541	7729
1545	7731
1548	7734
1552	7736
1554	7738
1558	7741
1562	7743
1566	7746
1570	7748
1573	7750
1575	7753
1577	7755
1578	7758
1579	7760
1579	7763
1580	7766
1580	7768
1580	7771
1580	7773
1578	7776
1575	7778
1572	7780
1568	7783
1566	7785
1564	7788
1562	7790
1559	7792
1556	7795
1554	7797
1551	7800
1549	7802
1547	7804
1546	7808
1544	7810
1542	7813
1540	7815
1537	7817
1535	7820
1532	7822
1531	7825
1529	7827
1527	7830
1526	7832
1524	7834
1522	7837
1521	7839
1521	7842
1520	7844
1520	7846
1520	7849
1519	7852
1518	7855
1516	7857
1513	7859
1509	7862
1506	7864
1503	7867
1500	7869
1497	7871
1493	7874
1490	7876
1485	7879
1480	7881
1474	7883
1468	7886
1462	7888
1455	7891
1447	7894
1438	7896
1429	7899
1423	7901
1416	7904
1410	7906
1406	7909
1403	7911
1400	7913
1399	7916
1398	7918
1398	7921
1399	7923
1400	7925
1400	7928
1401	7930
1401	7933
1402	7936
1405	7938
1409	7941
1416	7943
1425	7946
1431	7948
1439	7950
1446	7953
1450	7955
1451	7958
1453	7960
1453	7963
1452	7965
1450	7967
1448	7970
1443	7972
1438	7975
1433	7977
1428	7980
1423	7983
1420	7985
1416	7988
1413	7990
1411	7992
1408	7995
1405	7997
1401	8000
1399	8002
1397	8004
1396	8007
1395	8009
1395	8012
1396	8014
1396	8016
1396	8019
1397	8022
1398	8025
1400	8027
1403	8029
1406	8032
1408	8034
1411	8037
1413	8039
1416	8042
1420	8044
1426	8046
1431	8049
1436	8051
1440	8054
1443	8056
1445	8058
1448	8061
1451	8064
1454	8067
1457	8069
1459	8071
1460	8074
1461	8076
1460	8079
1460	8081
1460	8083
1460	8086
1461	8088
1461	8091
1462	8093
1463	8095
1464	8098
1465	8100
1466	8103
1467	8105
1469	8108
1470	8111
1470	8113
1470	8116
1469	8118
1469	8120
1470	8123
1471	8125
1473	8128
1475	8130
1475	8132
1475	8135
1476	8137
1478	8140
1482	8142
1483	8145
1483	8147
1482	8150
1479	8153
1477	8155
1477	8158
1480	8160
1482	8162
1482	8165
1479	8167
1476	8170
1474	8172
1471	8174
1468	8177
1466	8179
1465	8182
1464	8184
1463	8186
1463	8189
1463	8192
1463	8195
1462	8197
1462	8199
1461	8202
1461	8204
1461	8207
1461	8209
1461	8211
1461	8214
1460	8216
1460	8219
1460	8221
1460	8223
1461	8226
1462	8228
1463	8231
1463	8233
1463	8237
1463	8239
1463	8241
1462	8244
1463	8246
1463	8249
1464	8251
1465	8253
1465	8256
1465	8258
1465	8261
1465	8263
1465	8265
1466	8268
1466	8270
1466	8273
1467	8275
1468	8278
1468	8281
1469	8283
1470	8286
1473	8288
1475	8290
1476	8293
1476	8295
1475	8298
1474	8300
1474	8302
1474	8305
1475	8307
1476	8310
1477	8312
1478	8315
1479	8317
1479	8320
1480	8323
1480	8325
1482	8328
1483	8330
1483	8332
1486	8335
1488	8337
1491	8340
1494	8342
1496	8344
1497	8347
1496	8349
1495	8352
1495	8354
1498	8356
1501	8359
1505	8361
1508	8365
1509	8367
1507	8369
1504	8372
1501	8374
1498	8377
1496	8379
1494	8381
1494	8384
1494	8386
1495	8389
1496	8391
1497	8394
1498	8396
1498	8398
1498	8401
1499	8403
1500	8407
1501	8409
1503	8411
1504	8414
1505	8416
1506	8419
1507	8421
1508	8423
1510	8426
1511	8428
1513	8431
1514	8433
1516	8435
1517	8438
1517	8440
1519	8443
1520	8445
1521	8448
1523	8451
1526	8453
1527	8456
1527	8458
1528	8460
1530	8463
1531	8465
1531	8468
1531	8470
1531	8473
1530	8475
1530	8477
1532	8480
1533	8482
1533	8485
1533	8487
1533	8489
1532	8493
1530	8495
1529	8498
1527	8500
1526	8502
1525	8505
1524	8507
1523	8510
1522	8512
1521	8514
1520	8517
1519	8519
1519	8522
1519	8524
1519	8526
1517	8529
1516	8531
1514	8535
1513	8537
1511	8539
1509	8542
1507	8544
1506	8547
1505	8549
1505	8552
1504	8554
1502	8556
1500	8559
1498	8561
1496	8564
1495	8566
1494	8568
1494	8571
1493	8573
1491	8577
1490	8579
1488	8581
1487	8584
1486	8586
1486	8589
1486	8591
1486	8593
1487	8596
1489	8598
1492	8601
1496	8603
1498	8605
1501	8608
1503	8610
1504	8613
1504	8615
1505	8619
1506	8621
1509	8623
1513	8626
1516	8628
1519	8631
1520	8633
1520	8635
1518	8638
1517	8640
1517	8643
1517	8645
1519	8647
1520	8650
1521	8652
1521	8655
1519	8657
1518	8659
1517	8663
1516	8665
1516	8668
1516	8670
1517	8672
1518	8675
1518	8677
1518	8680
1517	8682
1516	8684
1514	8687
1513	8689
1511	8692
1510	8694
1508	8697
1506	8699
1506	8701
1508	8705
1510	8707
1509	8710
1508	8712
1507	8714
1505	8717
1502	8719
1500	8722
1498	8724
1496	8726
1494	8729
1493	8731
1492	8734
1491	8736
1489	8738
1488	8741
1488	8743
1488	8747
1487	8749
1487	8751
1486	8754
1485	8756
1483	8759
1482	8761
1481	8764
1480	8766
1480	8768
1479	8771
1479	8773
1479	8776
1478	8778
1476	8780
1475	8783
1474	8785
1473	8788
1472	8791
1471	8793
1470	8796
1470	8798
1469	8801
1469	8803
1469	8805
1470	8808
1471	8810
1472	8813
1472	8815
1471	8817
1470	8820
1469	8822
1469	8825
1471	8827
1473	8829
1473	8833
1473	8835
1472	8838
1471	8840
1469	8843
1467	8845
1465	8847
1465	8850
1465	8852
1465	8855
1466	8857
1467	8859
1467	8862
1468	8864
1468	8867
1468	8869
1468	8871
1468	8875
1468	8877
1467	8880
1467	8882
1467	8884
1467	8887
1468	8889
1468	8892
1469	8894
1470	8896
1470	8899
1470	8901
1470	8904
1470	8906
1469	8909
1469	8911
1469	8913
1468	8916
1467	8919
1466	8922
1465	8924
1465	8926
1466	8929
1467	8931
1470	8934
1471	8936
1471	8938
1470	8941
1468	8943
1466	8946
1465	8948
1465	8950
1464	8953
1464	8955
1466	8958
1468	8961
1470	8963
1471	8966
1471	8968
1470	8971
1469	8973
1467	8975
1466	8978
1465	8980
1465	8983
1465	8985
1465	8988
1465	8990
1465	8992
1465	8995
1465	8997
1465	9000
1465	9003
1466	9005
1466	9008
1467	9010
1467	9013
1467	9015
1468	9017
1468	9020
1469	9022
1469	9025
1470	9027
1470	9029
1471	9032
1471	9034
1470	9037
1470	9039
1470	9041
1470	9044
1471	9047
1472	9050
1474	9052
1475	9054
1475	9057
1474	9059
1473	9062
1473	9064
1473	9067
1473	9069
1473	9071
1473	9074
1473	9076
1473	9079
1473	9081
1473	9083
1473	9086
1473	9089
1474	9092
1475	9094
1475	9096
1477	9099
1479	9101
1481	9104
1483	9106
1483	9108
1482	9111
1481	9113
1479	9116
1478	9118
1477	9120
1477	9123
1478	9125
1478	9128
1479	9131
1479	9134
1478	9136
1478	9138
1478	9141
1478	9143
1479	9146
1479	9148
1480	9150
1480	9153
1480	9155
1481	9158
1482	9160
1483	9162
1483	9165
1485	9167
1486	9170
1486	9172
1486	9175
1485	9178
1484	9180
1483	9183
1483	9185
1483	9187
1483	9190
1483	9192
1483	9195
1483	9197
1483	9200
1483	9202
1484	9204
1485	9207
1486	9209
1487	9212
1487	9214
1487	9217
1486	9220
1485	9222
1485	9225
1486	9227
1486	9229
1486	9232
1487	9234
1487	9237
1487	9239
1488	9241
1488	9244
1488	9246
1489	9249
1489	9251
1489	9253
1489	9256
1489	9259
1489	9262
1491	9264
1492	9266
1495	9269
1496	9271
1498	9274
1498	9276
1497	9279
1497	9281
1497	9283
1497	9286
1496	9288
1496	9291
1495	9293
1494	9295
1494	9298
1493	9300
1493	9304
1493	9306
1493	9308
1493	9311
1493	9313
1493	9316
1493	9318
1493	9320
1493	9323
1493	9325
1493	9328
1493	9330
1493	9332
1493	9335
1493	9337
1493	9340
1493	9342
1493	9345
1494	9348
1495	9350
1495	9353
1496	9355
1495	9358
1495	9360
1495	9362
1495	9365
1495	9367
1497	9370
1499	9372
1500	9374
1503	9377
1505	9379
1506	9382
1508	9384
1509	9387
1511	9390
1513	9392
1514	9395
1515	9397
1515	9399
1514	9402
1514	9404
1513	9407
1514	9409
1514	9412
1513	9414
1513	9416
1513	9419
1513	9421
1512	9424
1512	9426
1512	9428
1513	9432
1513	9434
1513	9437
1513	9439
1514	9441
1514	9444
1513	9446
1512	9449
1511	9451
1510	9453
1509	9456
1507	9458
1506	9461
1505	9463
1504	9465
1503	9468
1502	9470
1502	9474
1501	9476
1500	9479
1499	9481
1499	9483
1498	9486
1498	9488
1497	9491
1497	9493
1496	9495
1495	9498
1495	9500
1494	9503
1494	9505
1494	9507
1494	9510
1495	9512
1495	9516
1495	9518
1495	9520
1495	9523
1495	9525
1495	9528
1495	9530
1495	9532
1495	9535
1495	9537
1495	9540
1495	9542
1495	9545
1495	9547
1495	9549
1496	9552
1496	9554
1496	9558
1496	9560
1497	9562
1497	9565
1498	9567
1498	9570
1499	9572
1498	9574
1497	9577
1495	9579
1494	9582
1492	9584
1493	9586
1494	9589
1496	9591
1498	9594
1500	9596
1501	9598
