1417	2
1418	4
1458	7
1502	9
1515	11
1527	13
1535	16
1503	18
1451	20
1413	23
1442	25
1503	27
1523	30
1539	32
1548	34
1552	36
1494	39
1437	41
1434	44
1478	47
1527	49
1544	51
1552	54
1551	56
1511	58
1433	61
1404	63
1426	65
1484	67
1507	70
1518	72
1526	74
1521	77
1447	79
1403	81
1390	84
1443	87
1483	89
1498	91
1515	94
1522	96
1493	98
1420	101
1386	103
1429	105
1488	108
1506	110
1523	112
1532	115
1516	117
1443	120
1412	122
1424	124
1487	128
1530	130
1556	132
1566	135
1565	137
1499	139
1439	142
1434	144
1488	146
1518	149
1534	151
1543	153
1541	156
1478	158
1422	161
1387	163
1432	165
1486	168
1502	171
1506	173
1502	176
1474	178
1393	180
1353	183
1371	185
1431	187
1463	190
1482	192
1490	194
1492	197
1431	199
1385	202
1397	204
1459	206
1499	209
1514	211
1527	214
1529	217
1471	219
1411	221
1396	224
1450	226
1508	228
1536	231
1555	233
1559	236
1531	238
1452	240
1413	243
1451	245
1498	247
1529	250
1543	252
1545	254
1526	258
1465	260
1407	262
1409	265
1468	267
1504	269
1518	272
1521	274
1518	277
1454	279
1394	281
1387	284
1429	286
1482	288
1503	291
1518	293
1528	295
1504	299
1434	301
1401	303
1444	306
1504	308
1524	310
1543	313
1552	315
1535	318
1460	320
1422	322
1440	325
1504	327
1542	329
1561	332
1568	334
1566	336
1497	339
1436	342
1433	344
1490	347
1523	349
1542	352
1556	354
1564	356
1509	359
1456	361
1423	363
1468	366
1522	368
1541	370
1550	373
1551	375
1525	377
1446	380
1406	382
1438	385
1484	388
1516	390
1534	393
1543	395
1533	397
1479	400
1426	402
1431	404
1487	407
1521	409
1534	411
1545	414
1549	416
1492	418
1431	421
1420	423
1466	425
1525	429
1547	431
1557	434
1558	436
1529	438
1449	441
1408	443
1441	445
1497	448
1515	450
1534	452
1544	455
1526	457
1447	459
1410	462
1416	464
1476	467
1513	470
1532	472
1540	475
1544	477
1485	479
1428	482
1426	484
1484	486
1519	489
1540	491
1557	493
1565	496
1519	498
1469	500
1437	503
1475	505
1528	508
1546	510
1556	513
1561	516
1541	518
1461	520
1418	523
1435	525
1494	527
1524	530
1536	532
1537	534
1521	537
1460	539
1398	541
1392	544
1449	546
1488	549
1501	551
1513	553
1518	557
1463	559
1398	561
1380	564
1428	566
1485	568
1508	571
1524	573
1528	575
1507	578
1434	580
1400	583
1436	585
1499	587
1521	590
1545	592
1561	594
1558	598
1488	600
1451	602
1450	605
1505	607
1543	609
1559	612
1564	614
1561	616
1496	619
1427	621
1406	624
1441	626
1486	628
1503	631
1512	633
1510	635
1459	638
1403	641
1368	643
1402	646
1457	648
1479	650
1492	653
1501	655
1485	658
1407	660
1366	662
1380	665
1441	667
1480	669
1502	672
1516	674
1521	676
1464	679
1410	681
1408	684
1472	687
1519	689
1537	691
1555	694
1564	696
1518	699
1454	701
1434	703
1479	706
1537	708
1556	710
1563	713
1562	715
1538	717
1457	720
1414	722
1439	724
1479	728
1507	730
1519	733
1523	735
1511	737
1436	740
1398	742
1397	744
1456	747
1495	749
1513	751
1520	754
1520	756
1463	758
1399	761
1385	763
1428	765
1484	769
1507	771
1521	774
1525	776
1502	778
1425	781
1387	783
1422	785
1483	788
1508	790
1522	792
1531	795
1520	797
1444	799
1400	802
1410	804
1472	807
1513	809
1532	812
1541	815
1542	817
1481	819
1418	822
1405	824
1463	826
1501	829
1523	831
1536	833
1540	836
1494	838
1430	840
1410	843
1449	845
1506	848
1526	850
1536	852
1538	856
1518	858
1438	860
1396	863
1424	865
1475	867
1513	870
1532	872
1539	874
1532	877
1473	879
1408	882
1399	884
1458	886
1501	889
1520	891
1528	893
1529	897
1477	899
1412	901
1395	904
1437	906
1495	908
1517	911
1530	913
1533	915
1514	918
1439	920
1404	923
1435	925
1496	927
1513	930
1529	932
1537	934
1528	937
1452	940
1403	942
1409	945
1469	947
1512	949
1535	952
1544	954
1543	957
1484	959
1421	961
1413	964
1478	966
1519	968
1538	971
1549	973
1554	975
1511	978
1454	980
1412	983
1441	986
1499	988
1523	990
1541	993
1545	995
1530	998
1446	1000
1392	1002
1408	1005
1465	1007
1492	1010
1504	1012
1511	1014
1506	1017
1434	1019
1383	1022
1394	1025
1456	1027
1492	1030
1514	1032
1527	1035
1534	1037
1471	1039
1411	1042
1408	1044
1466	1047
1505	1049
1525	1051
1539	1054
1545	1056
1492	1059
1425	1061
1405	1063
1457	1067
1501	1069
1522	1072
1533	1074
1532	1076
1487	1079
1414	1081
1384	1084
1435	1086
1487	1088
1509	1091
1521	1093
1524	1096
1471	1098
1403	1101
1382	1103
1426	1105
1486	1108
1513	1111
1531	1114
1534	1116
1491	1118
1416	1121
1384	1123
1416	1126
1473	1128
1496	1130
1512	1133
1520	1135
1493	1138
1415	1140
1377	1142
1416	1145
1464	1147
1498	1150
1515	1153
1520	1155
1504	1158
1429	1160
1390	1163
1417	1165
1483	1167
1507	1170
1529	1172
1543	1175
1542	1177
1472	1179
1424	1182
1439	1184
1499	1187
1528	1189
1542	1192
1546	1195
1543	1197
1476	1200
1421	1202
1423	1205
1477	1207
1511	1209
1527	1212
1533	1214
1531	1217
1467	1219
1403	1221
1392	1224
1449	1226
1495	1229
1517	1231
1530	1233
1536	1236
1494	1239
1434	1242
1415	1244
1469	1246
1520	1249
1542	1251
1554	1254
1557	1256
1500	1258
1446	1261
1413	1263
1459	1266
1516	1268
1540	1270
1556	1273
1563	1275
1526	1278
1459	1281
1432	1284
1465	1286
1519	1288
1538	1291
1549	1293
1551	1296
1518	1298
1443	1300
1409	1303
1450	1305
1494	1308
1519	1310
1534	1312
1539	1315
1521	1317
1443	1320
1402	1323
1432	1325
1496	1328
1514	1330
1527	1333
1532	1335
1523	1337
1449	1340
1407	1342
1432	1345
1498	1347
1529	1349
1539	1352
1547	1354
1543	1357
1473	1359
1419	1361
1428	1364
1489	1367
1527	1370
1544	1372
1550	1375
1551	1377
1487	1379
1425	1382
1418	1384
1474	1387
1514	1389
1530	1391
1538	1394
1541	1396
1492	1399
1428	1401
1407	1403
1460	1406
1506	1409
1525	1412
1537	1414
1538	1416
1500	1419
1427	1421
1394	1424
1438	1426
1486	1428
1504	1431
1520	1433
1527	1436
1482	1438
1414	1440
1391	1443
1428	1445
1486	1448
1509	1451
1525	1453
1533	1456
1503	1458
1436	1461
1407	1463
1435	1465
1493	1468
1517	1470
1529	1473
1533	1475
1510	1478
1436	1480
1403	1482
1438	1485
1485	1487
1514	1490
1530	1492
1539	1495
1527	1498
1452	1500
1411	1503
1435	1505
1495	1507
1515	1510
1530	1512
1535	1515
1529	1517
1456	1519
1404	1522
1414	1524
1474	1527
1506	1529
1522	1531
1525	1534
1526	1537
1463	1540
1406	1542
1401	1544
1456	1547
1491	1549
1508	1552
1515	1554
1517	1557
1462	1559
1398	1561
1384	1564
1444	1566
1492	1569
1513	1571
1527	1573
1534	1576
1493	1579
1424	1582
1394	1584
1443	1586
1493	1589
1515	1591
1529	1594
1531	1596
1477	1598
1411	1601
1389	1603
1429	1606
1483	1608
1503	1610
1520	1613
1532	1615
1499	1618
1431	1620
1398	1623
1428	1626
1485	1628
1507	1631
1522	1633
1528	1635
1505	1638
1434	1640
1404	1643
1444	1645
1492	1648
1525	1650
1546	1652
1556	1655
1542	1657
1462	1660
1416	1662
1440	1665
1501	1668
1522	1670
1538	1673
1542	1675
1535	1677
1462	1680
1412	1682
1424	1685
1481	1687
1508	1689
1520	1692
1527	1694
1526	1697
1460	1699
1407	1701
1411	1704
1466	1707
1501	1710
1519	1712
1530	1714
1536	1717
1479	1719
1423	1722
1418	1724
1477	1726
1518	1729
1535	1731
1545	1734
1548	1736
1501	1738
1435	1741
1414	1743
1470	1746
1518	1748
1536	1752
1549	1754
1554	1756
1499	1759
1449	1761
1418	1764
1463	1766
1514	1768
1531	1771
1542	1773
1545	1776
1500	1778
1430	1780
1406	1783
1438	1785
1495	1788
1514	1790
1525	1793
1528	1796
1496	1798
1422	1801
1389	1803
1418	1805
1484	1808
1519	1810
1539	1813
1547	1815
1529	1817
1453	1820
1412	1822
1441	1825
1488	1827
1523	1829
1543	1832
1554	1835
1549	1838
1479	1840
1438	1842
1460	1845
1522	1847
1545	1850
1560	1852
1566	1855
1563	1857
1494	1859
1441	1862
1449	1864
1511	1867
1545	1869
1561	1871
1566	1874
1567	1876
1506	1880
1448	1882
1444	1884
1504	1887
1549	1889
1568	1892
1572	1894
1571	1896
1516	1899
1448	1901
1428	1904
1484	1906
1532	1908
1552	1911
1562	1913
1561	1916
1521	1918
1450	1921
1425	1924
1477	1926
1528	1929
1544	1931
1553	1934
1549	1936
1495	1938
1426	1941
1404	1943
1442	1946
1503	1948
1528	1950
1544	1953
1551	1955
1514	1958
1439	1960
1406	1963
1436	1966
1499	1968
1527	1971
1546	1973
1554	1975
1530	1978
1449	1980
1407	1983
1438	1985
1483	1987
1514	1990
1529	1992
1534	1995
1522	1997
1445	1999
1399	2002
1420	2004
1482	2008
1507	2010
1526	2012
1535	2015
1532	2017
1460	2020
1411	2022
1427	2025
1492	2027
1528	2029
1542	2032
1552	2034
1551	2037
1480	2039
1420	2041
1419	2044
1480	2046
1520	2050
1538	2052
1544	2054
1545	2057
1488	2059
1426	2062
1414	2064
1471	2066
1513	2069
1530	2071
1540	2074
1541	2076
1499	2078
1431	2081
1408	2083
1465	2086
1519	2088
1542	2091
1555	2094
1557	2096
1504	2099
1452	2101
1417	2103
1457	2106
1510	2108
1535	2111
1555	2113
1562	2116
1515	2118
1438	2120
1408	2123
1432	2125
1488	2128
1510	2130
1525	2132
1532	2136
1504	2138
1429	2141
1395	2143
1418	2145
1476	2148
1501	2150
1513	2153
1517	2155
1497	2157
1419	2160
1380	2162
1408	2165
1455	2167
1491	2169
1510	2172
1517	2174
1509	2178
1435	2180
1389	2182
1409	2185
1473	2187
1508	2190
1522	2192
1530	2194
1527	2197
1459	2199
1405	2202
1413	2204
1475	2207
1513	2209
1529	2211
1536	2214
1538	2216
1481	2220
1423	2222
1415	2224
1473	2227
1514	2229
1532	2232
1541	2234
1543	2236
1493	2239
1425	2241
1403	2244
1459	2246
1508	2248
1525	2251
1535	2253
1537	2256
1480	2258
1429	2260
1399	2264
1448	2266
1504	2269
1526	2271
1541	2273
1547	2276
1501	2278
1433	2281
1413	2283
1453	2286
1516	2288
1538	2290
1548	2293
1548	2295
1518	2298
1451	2300
1422	2302
1461	2306
1504	2308
1528	2311
1541	2313
1542	2315
1518	2318
1441	2320
1401	2323
1432	2325
1493	2327
1514	2330
1534	2332
1542	2335
1535	2337
1463	2339
1421	2342
1443	2344
1507	2348
1536	2350
1548	2352
1556	2355
1553	2357
1480	2360
1425	2362
1429	2365
1485	2367
1522	2369
1542	2372
1549	2374
1548	2377
1482	2379
1420	2381
1413	2384
1469	2386
1511	2390
1530	2392
1540	2394
1541	2397
1492	2399
1428	2402
1406	2404
1458	2406
1503	2409
1521	2411
1535	2414
1540	2416
1480	2418
1427	2421
1396	2423
1447	2426
1499	2428
1522	2430
1538	2434
1546	2436
1502	2439
1440	2441
1420	2443
1461	2446
1523	2448
1547	2451
1563	2453
1567	2456
1530	2458
1458	2460
1426	2463
1473	2465
1518	2468
1538	2470
1546	2472
1547	2476
1520	2478
1443	2481
1403	2483
1438	2485
1495	2488
1510	2490
1524	2493
1529	2495
1514	2497
1433	2500
1386	2502
1406	2505
1466	2507
1492	2509
1504	2512
1510	2514
1507	2518
1439	2520
1392	2522
1403	2525
1462	2527
1494	2530
1511	2532
1520	2535
1523	2537
1465	2539
1416	2542
1417	2544
1472	2547
1508	2549
1526	2551
1536	2554
1535	2556
1483	2560
1424	2562
1416	2564
1478	2567
1521	2569
1538	2572
1545	2574
1544	2576
1479	2579
1427	2581
1400	2584
1453	2586
1505	2588
1524	2591
1533	2593
1532	2596
1475	2598
1406	2600
1385	2604
1423	2606
1476	2609
1497	2611
1512	2614
1517	2616
1477	2618
1409	2621
1381	2623
1429	2626
1471	2628
1490	2630
1501	2633
1503	2635
1473	2638
1399	2640
1365	2642
1408	2646
1471	2648
1492	2651
1509	2653
1516	2655
1501	2658
1426	2660
1385	2663
1413	2665
1480	2667
1512	2670
1525	2672
1529	2675
1518	2677
1443	2679
1394	2682
1407	2684
1466	2688
1496	2690
1511	2692
1517	2695
1515	2697
1444	2700
1385	2702
1387	2705
1446	2707
1483	2709
1498	2712
1504	2714
1499	2717
1446	2719
1389	2721
1384	2724
1443	2726
1486	2729
1504	2732
1514	2734
1515	2737
1454	2739
1407	2742
1384	2744
1434	2746
1479	2749
1494	2751
1499	2754
1497	2756
1439	2758
1378	2761
1361	2763
1410	2766
1468	2768
1495	2770
1514	2774
1524	2776
1484	2779
1417	2781
1392	2783
1431	2786
1499	2788
1526	2791
1537	2793
1536	2796
1499	2798
1424	2800
1394	2803
1441	2805
1502	2808
1524	2810
1542	2812
1549	2816
1529	2818
1453	2821
1416	2823
1451	2825
1514	2828
1539	2830
1550	2833
1554	2835
1541	2837
1464	2840
1416	2842
1430	2845
1485	2847
1510	2849
1524	2852
1526	2854
1520	2857
1446	2860
1392	2862
1404	2865
1469	2867
1508	2870
1527	2872
1535	2874
1534	2877
1467	2879
1403	2882
1396	2884
1455	2887
1496	2889
1514	2891
1523	2894
1521	2896
1454	2899
1409	2902
1392	2904
1446	2907
1490	2909
1506	2912
1515	2914
1518	2916
1458	2919
1397	2921
1377	2924
1423	2926
1472	2928
1491	2931
1499	2933
1497	2936
1445	2938
1377	2940
1359	2944
1404	2946
1470	2949
1501	2951
1517	2953
1522	2956
1486	2958
1417	2961
1392	2963
1444	2966
1492	2968
1522	2970
1543	2973
1549	2975
1519	2978
1437	2980
1396	2982
1427	2985
1483	2988
1505	2991
1517	2993
1526	2995
1512	2998
1434	3000
1387	3003
1407	3005
1468	3007
1498	3010
1516	3012
1519	3015
1513	3017
1444	3019
1396	3022
1405	3024
1462	3027
1494	3030
1510	3032
1519	3035
1511	3037
1457	3040
1402	3042
1402	3045
1460	3047
1498	3049
1518	3052
1529	3054
1529	3057
1462	3059
1418	3061
1406	3064
1462	3066
1508	3069
1529	3072
1545	3074
1550	3077
1485	3079
1425	3082
1410	3084
1465	3086
1515	3089
1536	3091
1550	3094
1555	3096
1498	3098
1428	3101
1402	3103
1454	3106
1491	3108
1512	3111
1524	3113
1525	3116
1481	3119
1407	3121
1378	3124
1429	3126
1482	3128
1500	3131
1517	3133
1524	3136
1494	3138
1419	3140
1386	3143
1427	3145
1486	3148
1508	3150
1524	3152
1531	3155
1517	3158
1440	3161
1398	3163
1425	3165
1488	3168
1516	3170
1535	3173
1543	3175
1520	3178
1463	3180
1414	3182
1431	3185
1495	3187
1533	3190
1555	3192
1563	3194
1546	3197
1467	3200
1428	3203
1430	3205
1490	3207
1531	3210
1552	3212
1558	3215
1547	3217
1470	3219
1416	3222
1413	3224
1471	3227
1515	3229
1535	3231
1545	3234
1546	3236
1479	3239
1418	3241
1416	3244
1458	3247
1510	3249
1534	3252
1548	3254
1552	3256
1496	3259
1432	3261
1414	3264
1467	3266
1509	3269
1523	3271
1537	3273
1540	3276
1497	3278
1432	3281
1408	3283
1461	3286
1509	3289
1529	3291
1539	3294
1544	3296
1512	3298
1436	3301
1404	3303
1450	3306
1508	3308
1529	3310
1542	3313
1546	3315
1526	3318
1450	3320
1411	3322
1442	3325
1503	3328
1529	3331
1546	3333
1551	3335
1540	3338
1464	3340
1415	3343
1432	3345
1490	3347
1520	3350
1535	3352
1538	3355
1518	3357
1458	3360
1398	3362
1402	3364
1460	3367
1494	3369
1510	3373
1518	3375
1511	3377
1441	3380
1397	3382
1401	3385
1458	3387
1496	3389
1514	3392
1528	3394
1533	3397
1468	3399
1411	3401
1415	3404
1459	3406
1507	3409
1528	3411
1540	3414
1544	3417
1488	3419
1428	3422
1419	3424
1479	3426
1518	3429
1539	3431
1550	3434
1550	3436
1498	3439
1431	3441
1411	3443
1466	3446
1512	3448
1528	3451
1535	3453
1537	3456
1500	3459
1425	3461
1389	3464
1431	3466
1485	3468
1508	3471
1523	3473
1526	3476
1502	3478
1428	3480
1390	3483
1425	3485
1485	3488
1508	3490
1524	3492
1532	3495
1521	3497
1447	3501
1405	3503
1430	3505
1493	3508
1520	3510
1538	3513
1550	3515
1540	3518
1471	3520
1439	3522
1444	3525
1496	3527
1524	3530
1534	3532
1536	3534
1525	3537
1455	3539
1412	3543
1418	3545
1477	3547
1518	3550
1536	3552
1544	3555
1546	3557
1481	3559
1426	3562
1430	3564
1471	3567
1517	3569
1539	3571
1553	3574
1558	3576
1498	3579
1442	3581
1440	3584
1504	3587
1551	3589
1568	3592
1583	3594
1585	3597
1531	3599
1465	3601
1449	3604
1506	3606
1548	3609
1559	3611
1561	3613
1554	3616
1503	3618
1424	3621
1389	3623
1431	3625
1477	3629
1491	3631
1496	3634
1495	3636
1464	3638
1387	3641
1353	3643
1394	3646
1453	3648
1479	3650
1499	3653
1507	3655
1475	3658
1422	3660
1390	3662
1426	3665
1497	3667
1530	3671
1550	3673
1558	3675
1539	3678
1467	3680
1440	3683
1458	3685
1520	3688
1552	3690
1570	3692
1580	3695
1565	3697
1484	3700
1434	3702
1441	3704
1497	3707
1530	3709
1541	3713
1539	3715
1526	3717
1449	3720
1395	3722
1401	3725
1452	3727
1471	3729
1476	3732
1476	3734
1471	3737
1404	3739
1350	3741
1355	3744
1420	3746
1469	3749
1490	3751
1509	3755
1516	3757
1463	3759
1404	3762
1393	3764
1456	3767
1506	3769
1532	3771
1546	3774
1552	3776
1513	3779
1450	3781
1427	3783
1482	3786
1536	3788
1557	3791
1566	3793
1567	3795
1535	3799
1462	3801
1432	3804
1479	3806
1540	3808
1566	3811
1582	3813
1587	3816
1547	3818
1476	3821
1451	3823
1483	3825
1544	3828
1566	3830
1578	3833
1581	3835
1551	3837
1474	3841
1437	3843
1460	3846
1517	3848
1542	3850
1554	3853
1559	3855
1545	3858
1472	3860
1428	3862
1450	3865
1494	3867
1527	3870
1542	3872
1548	3874
1537	3877
1458	3879
1403	3883
1414	3885
1473	3887
1506	3890
1521	3892
1532	3895
1530	3897
1460	3900
1403	3902
1408	3904
1469	3907
1507	3909
1523	3912
1527	3914
1525	3916
1465	3919
1406	3921
1396	3924
1452	3927
1494	3929
1512	3932
1522	3934
1524	3937
1475	3939
1404	3941
1378	3944
1431	3946
1479	3949
1499	3951
1511	3953
1514	3956
1479	3958
1407	3961
1378	3963
1424	3965
1479	3969
1502	3971
1518	3974
1521	3976
1474	3979
1400	3981
1373	3983
1405	3986
1464	3988
1484	3991
1496	3993
1501	3995
1469	3998
1391	4000
1353	4003
1378	4005
1437	4007
1464	4011
1481	4013
1489	4016
1473	4018
1403	4020
1369	4023
1400	4025
1447	4028
1483	4030
1505	4032
1521	4035
1518	4037
1447	4040
1399	4042
1417	4044
1482	4047
1516	4049
1532	4052
1542	4055
1541	4057
1473	4060
1420	4062
1425	4065
1480	4067
1513	4070
1529	4072
1534	4074
1535	4077
1468	4079
1402	4082
1391	4084
1445	4086
1486	4089
1506	4091
1516	4094
1515	4097
1457	4099
1390	4102
1371	4104
1427	4107
1472	4109
1489	4111
1499	4114
1500	4116
1460	4119
1392	4121
1369	4123
1423	4126
1478	4128
1499	4131
1512	4133
1517	4135
1470	4139
1404	4141
1383	4144
1422	4146
1480	4148
1502	4151
1518	4153
1525	4156
1492	4158
1420	4161
1389	4163
1420	4165
1481	4168
1510	4170
1532	4173
1543	4175
1520	4177
1438	4180
1393	4183
1425	4186
1471	4188
1500	4190
1513	4193
1519	4195
1503	4198
1424	4200
1378	4202
1399	4205
1462	4207
1487	4210
1508	4212
1523	4214
1526	4217
1461	4219
1411	4222
1420	4225
1478	4227
1513	4230
1532	4232
1539	4235
1538	4237
1473	4239
1417	4242
1416	4244
1473	4247
1512	4249
1529	4252
1538	4254
1539	4256
1484	4259
1417	4261
1398	4264
1451	4267
1495	4269
1515	4272
1531	4274
1539	4277
1500	4279
1426	4281
1396	4284
1446	4286
1494	4289
1511	4291
1525	4293
1534	4296
1486	4298
1434	4301
1400	4303
1443	4305
1502	4308
1525	4311
1539	4314
1542	4316
1502	4318
1430	4321
1404	4323
1442	4326
1510	4328
1535	4331
1547	4333
1547	4335
1517	4338
1439	4340
1403	4343
1441	4345
1490	4347
1521	4350
1538	4353
1545	4356
1530	4358
1456	4360
1415	4363
1436	4365
1492	4368
1513	4370
1532	4372
1544	4375
1539	4377
1464	4380
1409	4382
1422	4384
1484	4387
1517	4389
1531	4392
1534	4395
1530	4397
1461	4400
1405	4402
1409	4405
1468	4407
1507	4410
1525	4412
1532	4414
1533	4417
1475	4419
1415	4422
1405	4424
1464	4426
1511	4429
1535	4431
1548	4434
1546	4436
1474	4439
1422	4442
1400	4444
1458	4447
1509	4449
1530	4451
1545	4454
1546	4456
1484	4459
1416	4461
1395	4463
1441	4466
1497	4468
1520	4471
1532	4473
1534	4476
1489	4478
1419	4481
1391	4484
1446	4486
1493	4489
1520	4491
1537	4493
1542	4496
1510	4498
1435	4501
1401	4503
1442	4505
1496	4508
1510	4510
1521	4513
1522	4515
1501	4517
1424	4520
1387	4523
1419	4526
1480	4528
1501	4530
1511	4533
1516	4535
1505	4538
1434	4540
1392	4542
1412	4545
1473	4547
1504	4550
1520	4552
1527	4555
1526	4557
1460	4559
1407	4562
1415	4564
1476	4568
1516	4570
1537	4572
1551	4575
1551	4577
1502	4580
1449	4582
1444	4584
1502	4587
1544	4589
1563	4592
1575	4594
1577	4596
1511	4599
1463	4601
1442	4604
1496	4606
1542	4609
1560	4612
1571	4614
1570	4617
1507	4619
1439	4621
1421	4624
1458	4626
1506	4629
1522	4631
1532	4634
1532	4636
1475	4638
1393	4641
1358	4643
1404	4646
1442	4648
1459	4651
1469	4654
1469	4656
1429	4659
1354	4661
1324	4663
1373	4666
1434	4668
1458	4671
1480	4673
1491	4675
1474	4678
1404	4680
1376	4683
1423	4685
1499	4687
1531	4690
1549	4692
1555	4696
1546	4698
1475	4700
1433	4703
1458	4705
1522	4708
1549	4710
1560	4713
1561	4715
1553	4717
1476	4720
1416	4722
1418	4725
1469	4727
1495	4729
1507	4732
1509	4734
1493	4738
1431	4740
1368	4742
1363	4745
1417	4747
1454	4750
1476	4752
1492	4754
1496	4757
1429	4759
1377	4762
1372	4764
1433	4766
1483	4769
1508	4771
1524	4774
1532	4776
1476	4780
1423	4782
1421	4784
1482	4787
1515	4789
1533	4792
1545	4794
1549	4796
1498	4799
1428	4801
1402	4804
1453	4806
1501	4808
1519	4811
1537	4813
1540	4816
1497	4818
1426	4820
1399	4824
1445	4826
1491	4829
1507	4831
1514	4833
1518	4836
1492	4838
1418	4841
1382	4843
1419	4845
1479	4848
1502	4850
1516	4853
1521	4855
1510	4857
1436	4860
1396	4862
1421	4866
1482	4868
1510	4871
1528	4873
1540	4875
1525	4878
1471	4880
1422	4883
1435	4885
1494	4887
1524	4890
1538	4892
1541	4895
1526	4897
1448	4899
1410	4902
1411	4904
1469	4908
1505	4910
1520	4912
1527	4915
1524	4917
1456	4920
1408	4922
1406	4924
1464	4927
1510	4929
1528	4932
1532	4934
1524	4937
1456	4939
1397	4941
1394	4944
1451	4946
1484	4950
1505	4952
1518	4954
1520	4957
1465	4959
1400	4962
1386	4964
1448	4966
1502	4969
1522	4971
1539	4974
1546	4976
1508	4978
1443	4981
1419	4983
1475	4986
1527	4988
1544	4990
1552	4994
1556	4996
1525	4999
1448	5001
1411	5003
1451	5006
1507	5008
1527	5011
1540	5013
1543	5016
1523	5018
1444	5020
1401	5023
1428	5025
1489	5028
1516	5030
1536	5032
1546	5036
1521	5038
1461	5041
1411	5043
1428	5045
1493	5048
1530	5050
1550	5053
1560	5055
1549	5057
1476	5060
1434	5062
1447	5065
1508	5067
1548	5069
1567	5072
1572	5074
1563	5078
1489	5080
1436	5083
1445	5085
1486	5087
1525	5090
1542	5092
1548	5095
1544	5097
1475	5099
1417	5102
1417	5104
1476	5107
1514	5109
1529	5111
1541	5114
1543	5116
1484	5120
1420	5122
1405	5124
1460	5127
1503	5129
1526	5132
1540	5134
1552	5136
1509	5139
1440	5141
1416	5144
1471	5146
1521	5148
1542	5151
1556	5153
1562	5156
1533	5158
1463	5161
1434	5164
1479	5166
1533	5169
1551	5171
1561	5174
1564	5176
1521	5178
1464	5181
1422	5183
1449	5186
1506	5188
1527	5190
1541	5193
1548	5195
1519	5198
1441	5200
1410	5202
1426	5206
1483	5208
1509	5211
1521	5213
1521	5215
1499	5218
1421	5220
1380	5223
1396	5225
1456	5227
1490	5230
1507	5232
1518	5235
1517	5237
1450	5240
1407	5242
1426	5244
1487	5248
1514	5250
1537	5253
1554	5255
1560	5257
1496	5260
1437	5262
1441	5265
1500	5267
1537	5269
1550	5272
1559	5274
1558	5277
1497	5279
1437	5281
1427	5284
1484	5286
1527	5289
1543	5292
1550	5294
1553	5297
1504	5299
1435	5302
1411	5304
1463	5306
1512	5309
1534	5311
1549	5314
1552	5316
1513	5319
1437	5321
1404	5323
1450	5326
1502	5328
1520	5331
1533	5334
1536	5336
1488	5339
1432	5341
1397	5344
1436	5346
1499	5348
1526	5351
1541	5353
1544	5356
1509	5358
1436	5360
1409	5363
1433	5365
1491	5368
1518	5370
1532	5372
1537	5376
1518	5378
1444	5381
1405	5383
1437	5385
1480	5388
1509	5390
1524	5393
1530	5395
1521	5398
1449	5400
1403	5402
1423	5405
1482	5407
1505	5410
1520	5412
1527	5414
1522	5417
1447	5420
1389	5423
1396	5425
1457	5427
1495	5430
1512	5432
1516	5435
1515	5437
1449	5439
1390	5442
1388	5444
1451	5447
1496	5449
1519	5451
1532	5454
1536	5456
1486	5459
1423	5462
1405	5464
1463	5467
1514	5469
1539	5472
1555	5474
1562	5477
1525	5479
1456	5481
1423	5484
1469	5486
1521	5489
1543	5491
1558	5493
1560	5496
1507	5498
1437	5501
1413	5504
1449	5506
1506	5509
1525	5511
1535	5514
1536	5516
1498	5518
1425	5521
1395	5523
1428	5526
1493	5528
1521	5530
1533	5533
1535	5535
1508	5538
1431	5540
1393	5543
1428	5545
1489	5548
1510	5551
1533	5553
1544	5556
1531	5558
1456	5560
1410	5563
1430	5565
1488	5568
1513	5570
1526	5572
1539	5575
1538	5577
1462	5580
1405	5582
1413	5584
1471	5587
1503	5590
1521	5593
1529	5595
1528	5597
1463	5600
1406	5602
1409	5605
1467	5607
1504	5610
1520	5612
1527	5614
1525	5617
1472	5619
1409	5622
1396	5624
1452	5626
1496	5629
1516	5632
1529	5635
1534	5637
1477	5639
1432	5642
1409	5644
1458	5647
1504	5649
1519	5651
1526	5654
1528	5656
1480	5659
1422	5661
1410	5663
1450	5666
1502	5668
1519	5671
1531	5673
1534	5676
1491	5679
1420	5681
1395	5684
1450	5686
1497	5689
1523	5691
1539	5693
1545	5696
1516	5698
1438	5701
1398	5703
1436	5705
1494	5708
1518	5710
1532	5713
1539	5715
1521	5718
1441	5721
1396	5723
1419	5726
1480	5728
1508	5730
1525	5733
1532	5735
1526	5738
1455	5740
1409	5742
1427	5745
1490	5747
1526	5750
1548	5752
1560	5755
1545	5757
1484	5760
1423	5763
1426	5765
1486	5768
1522	5770
1537	5772
1541	5775
1533	5777
1460	5780
1416	5782
1405	5784
1462	5787
1506	5789
1524	5792
1532	5794
1532	5796
1467	5799
1410	5801
1396	5805
1447	5807
1495	5809
1515	5812
1523	5814
1523	5817
1466	5819
1402	5821
1389	5824
1450	5826
1492	5829
1516	5831
1527	5834
1529	5836
1485	5838
1417	5841
1393	5843
1450	5847
1506	5849
1524	5851
1539	5854
1543	5856
1511	5859
1439	5861
1404	5863
1444	5866
1499	5868
1519	5871
1530	5873
1536	5875
1517	5878
1443	5880
1403	5883
1431	5885
1487	5888
1509	5891
1523	5893
1526	5896
1516	5898
1441	5900
1394	5903
1412	5905
1473	5908
1501	5910
1517	5913
1525	5915
1508	5917
1448	5920
1390	5922
1398	5925
1462	5927
1504	5929
1525	5933
1536	5935
1532	5938
1457	5940
1406	5942
1409	5945
1471	5947
1519	5950
1542	5952
1554	5954
1555	5957
1487	5959
1431	5962
1434	5964
1477	5966
1525	5969
1545	5971
1556	5975
1559	5977
1500	5980
1437	5982
1424	5984
1479	5987
1521	5989
1536	5992
1549	5994
1550	5996
1497	5999
1429	6001
1408	6004
1463	6006
1508	6008
1525	6011
1534	6013
1538	6017
1503	6019
1432	6021
1402	6024
1449	6026
1506	6029
1529	6031
1543	6033
1549	6036
1528	6038
1454	6041
1416	6043
1449	6046
1508	6048
1529	6050
1543	6053
1548	6055
1518	6059
1459	6061
1409	6063
1424	6066
1482	6068
1508	6071
1522	6073
1523	6075
1498	6078
1415	6080
1377	6083
1385	6085
1443	6087
1479	6090
1498	6092
1507	6095
1500	6097
1429	6099
1383	6103
1400	6105
1447	6108
1487	6110
1510	6112
1522	6115
1519	6117
1446	6120
1389	6122
1393	6125
1452	6127
1483	6129
1503	6132
1515	6134
1515	6137
1450	6139
1386	6141
1378	6145
1436	6147
1477	6150
1494	6152
1499	6154
1500	6157
1445	6159
1377	6162
1356	6164
1408	6166
1452	6169
1471	6171
1483	6174
1486	6176
1448	6178
1379	6181
1355	6183
1410	6187
1469	6189
1492	6192
1503	6194
1505	6196
1457	6199
1407	6201
1378	6204
1423	6206
1484	6208
1508	6211
1525	6213
1533	6216
1500	6218
1429	6220
1403	6223
1427	6225
1486	6228
1512	6231
1527	6233
1533	6236
1509	6238
1432	6241
1390	6243
1408	6245
1467	6248
1498	6250
1514	6253
1524	6255
1515	6257
1441	6260
1394	6262
1413	6265
1474	6267
1497	6270
1516	6273
1524	6275
1521	6278
1449	6280
1395	6283
1405	6285
1465	6287
1503	6290
1521	6292
1537	6295
1538	6297
1472	6299
1412	6302
1408	6304
1466	6307
1505	6309
1522	6311
1531	6315
1533	6317
1477	6320
1412	6322
1397	6325
1455	6327
1502	6329
1522	6332
1534	6334
1539	6337
1479	6339
1426	6341
1395	6344
1444	6346
1497	6349
1519	6351
1532	6353
1534	6356
1481	6359
1415	6362
1395	6364
1440	6366
1501	6369
1528	6371
1548	6374
1559	6376
1525	6378
1456	6381
1428	6383
1479	6386
1526	6388
1554	6391
1572	6393
1579	6395
1554	6398
1478	6401
1441	6404
1475	6406
1529	6408
1545	6411
1558	6413
1562	6416
1548	6418
1472	6420
1426	6423
1446	6425
1505	6428
1529	6430
1538	6432
1542	6435
1531	6437
1455	6440
1404	6443
1420	6445
1482	6448
1513	6450
1531	6453
1538	6455
1538	6457
1472	6460
1416	6462
1420	6465
1480	6467
1522	6469
1542	6472
1551	6474
1554	6477
1499	6479
1438	6481
1425	6484
1483	6487
1530	6490
1552	6492
1561	6495
1559	6497
1488	6499
1434	6502
1404	6504
1452	6507
1496	6509
1512	6511
1523	6514
1527	6516
1474	6519
1412	6521
1394	6523
1439	6526
1495	6529
1517	6532
1533	6534
1541	6536
1502	6539
1433	6541
1407	6544
1444	6546
1511	6548
1542	6551
1561	6553
1566	6556
1534	6558
1457	6560
1421	6563
1460	6565
1517	6568
1534	6571
1550	6574
1557	6576
1539	6578
1462	6581
1418	6583
1445	6586
1508	6588
1536	6590
1547	6593
1548	6595
1530	6598
1448	6600
1396	6602
1412	6605
1473	6607
1506	6610
1522	6612
1529	6615
1529	6618
1461	6620
1407	6623
1415	6625
1478	6627
1520	6630
1539	6632
1548	6635
1550	6637
1494	6639
1438	6642
1436	6644
1498	6647
1542	6649
1559	6652
1565	6654
1559	6657
1488	6660
1438	6662
1415	6665
1468	6667
1514	6669
1530	6672
1539	6674
1541	6677
1483	6679
1419	6681
1400	6684
1446	6686
1497	6689
1515	6691
1527	6693
1531	6696
1485	6699
1417	6702
1393	6704
1432	6706
1494	6709
1521	6711
1540	6714
1547	6716
1514	6718
1441	6721
1409	6723
1456	6726
1514	6728
1530	6731
1546	6733
1553	6735
1536	6738
1466	6740
1430	6744
1459	6746
1513	6748
1532	6751
1541	6753
1546	6756
1533	6758
1459	6760
1412	6763
1432	6765
1493	6768
1522	6770
1539	6772
1547	6775
1543	6777
1467	6780
1408	6782
1409	6785
1461	6788
1490	6790
1503	6793
1508	6795
1499	6797
1442	6800
1381	6802
1375	6805
1433	6807
1474	6810
1494	6812
1508	6814
1512	6817
1447	6819
1401	6822
1385	6824
1442	6827
1492	6830
1515	6832
1530	6835
1534	6837
1475	6839
1414	6842
1403	6844
1442	6847
1491	6849
1510	6851
1520	6854
1518	6856
1461	6859
1387	6861
1360	6863
1411	6866
1451	6868
1472	6872
1483	6874
1482	6876
1441	6879
1369	6881
1339	6884
1382	6886
1433	6889
1450	6891
1468	6893
1476	6896
1457	6898
1390	6901
1359	6903
1397	6905
1459	6908
1484	6910
1501	6914
1508	6916
1503	6918
1437	6921
1398	6923
1421	6926
1483	6928
1509	6930
1527	6933
1538	6935
1537	6938
1467	6940
1414	6942
1424	6945
1483	6947
1515	6950
1531	6952
1537	6955
1525	6958
1467	6960
1409	6963
1407	6965
1463	6968
1502	6970
1516	6972
1520	6975
1516	6977
1444	6980
1390	6982
1383	6984
1439	6987
1485	6989
1506	6992
1516	6994
1515	6996
1450	7000
1392	7002
1389	7005
1431	7007
1481	7009
1501	7012
1512	7014
1514	7017
1460	7019
1397	7021
1385	7024
1447	7026
1496	7029
1510	7031
1523	7034
1529	7036
1491	7038
1423	7042
1395	7044
1444	7047
1496	7049
1518	7051
1530	7054
1537	7056
1509	7059
1433	7061
1401	7063
1449	7066
1514	7068
1537	7071
1549	7073
1550	7075
1532	7078
1456	7080
1417	7084
1448	7086
1512	7088
1536	7091
1548	7093
1553	7096
1532	7098
1476	7100
1427	7103
1442	7105
1503	7108
1537	7110
1555	7113
1564	7115
1552	7117
1480	7120
1445	7122
1447	7126
1505	7128
1543	7130
1561	7133
1569	7135
1564	7138
1488	7140
1433	7142
1444	7145
1490	7147
1532	7150
1547	7152
1555	7154
1552	7157
1485	7159
1426	7162
1428	7164
1492	7166
1529	7170
1549	7172
1557	7175
1558	7177
1500	7180
1438	7182
1422	7184
1480	7187
1528	7189
1552	7192
1561	7194
1560	7196
1512	7199
1439	7201
1410	7204
1460	7206
1510	7208
1529	7212
1539	7214
1539	7217
1502	7219
1426	7221
1392	7224
1431	7226
1482	7229
1498	7231
1507	7233
1508	7236
1487	7238
1412	7241
1375	7243
1406	7245
1466	7248
1489	7250
1504	7254
1509	7256
1480	7259
1405	7261
1374	7263
1393	7266
1455	7268
1484	7271
1501	7273
1508	7275
1492	7278
1418	7280
1376	7283
1392	7285
1454	7287
1491	7290
1510	7292
1520	7296
1516	7298
1444	7300
1397	7303
1412	7305
1459	7308
1502	7310
1524	7312
1534	7315
1535	7317
1466	7320
1408	7322
1409	7324
1466	7327
1500	7329
1512	7332
1525	7334
1529	7337
1467	7340
1401	7342
1388	7345
1443	7347
1485	7350
1502	7352
1510	7354
1512	7357
1463	7359
1394	7362
1372	7364
1425	7366
1473	7369
1494	7371
1508	7374
1510	7376
1474	7378
1400	7382
1369	7384
1417	7387
1472	7389
1495	7391
1507	7394
1511	7396
1468	7399
1416	7401
1381	7404
1416	7406
1475	7408
1498	7411
1513	7413
1522	7416
1497	7418
1428	7420
1397	7424
1424	7426
1482	7429
1506	7431
1519	7433
1527	7436
1515	7438
1444	7441
1403	7443
1429	7445
1473	7448
1505	7450
1520	7453
1526	7455
1513	7457
1436	7460
1388	7462
1407	7465
1469	7468
1494	7470
1514	7473
1526	7475
1526	7478
1452	7480
1390	7483
1393	7485
1454	7487
1493	7490
1511	7492
1517	7495
1517	7497
1453	7499
1393	7502
1387	7504
1446	7507
1491	7510
1514	7512
1526	7515
1529	7517
1479	7520
1415	7522
1397	7524
1454	7527
1502	7529
1521	7532
1532	7534
1532	7536
1472	7539
1421	7541
1393	7544
1443	7546
1497	7549
1515	7552
1524	7554
1524	7557
1473	7559
1403	7562
1382	7564
1423	7566
1488	7569
1516	7571
1535	7574
1543	7576
1516	7578
1450	7581
1424	7583
1477	7586
1532	7588
1568	7590
1589	7593
1594	7596
1572	7599
1498	7601
1460	7603
1492	7606
1552	7608
1569	7611
1583	7613
1587	7616
1571	7618
1492	7620
1441	7623
1457	7625
1515	7628
1539	7630
1550	7632
1548	7635
1536	7638
1456	7641
1399	7643
1404	7645
1458	7648
1488	7650
1504	7653
1518	7655
1527	7657
1472	7660
1415	7662
1407	7665
1461	7667
1499	7669
1519	7672
1531	7674
1536	7677
1474	7680
1431	7683
1416	7685
1472	7687
1516	7690
1536	7692
1547	7695
1549	7697
1486	7699
1423	7702
1404	7704
1452	7707
1501	7709
1521	7711
1530	7714
1528	7716
1472	7719
1404	7721
1384	7724
1423	7727
1477	7729
1496	7732
1507	7734
1506	7736
1465	7739
1393	7741
1364	7744
1410	7746
1461	7748
1478	7751
1499	7753
1512	7756
1491	7758
1420	7761
1388	7763
1430	7766
1493	7769
1518	7771
1531	7774
1541	7776
1532	7778
1461	7781
1421	7783
1449	7786
1516	7788
1547	7790
1564	7793
1570	7795
1565	7798
1497	7800
1451	7802
1464	7805
1523	7808
1556	7811
1576	7813
1584	7815
1573	7818
1517	7820
1461	7823
1461	7825
1521	7827
1560	7830
1580	7832
1590	7835
1585	7837
1512	7840
1455	7842
1449	7844
1506	7847
1551	7849
1570	7853
1579	7855
1576	7857
1507	7860
1443	7862
1439	7865
1482	7867
1532	7869
1548	7872
1553	7874
1552	7877
1496	7879
1430	7881
1413	7884
1469	7886
1512	7889
1524	7891
1531	7895
1529	7897
1482	7899
1406	7902
1376	7904
1424	7907
1473	7909
1492	7911
1504	7914
1511	7916
1484	7919
1411	7921
1376	7923
1417	7926
1477	7928
1503	7931
1523	7933
1528	7936
1511	7939
1437	7941
1400	7944
1434	7946
1501	7948
1529	7951
1541	7953
1541	7956
1512	7958
1453	7961
1403	7963
1419	7965
1479	7968
1508	7970
1522	7973
1527	7975
1512	7977
1434	7981
1385	7983
1392	7986
1445	7988
1476	7990
1493	7993
1501	7995
1496	7998
1421	8000
1367	8002
1377	8005
1420	8007
1461	8010
1480	8012
1490	8014
1489	8017
1423	8019
1365	8023
1365	8025
1421	8027
1455	8030
1479	8032
1496	8035
1504	8037
1451	8040
1393	8042
1380	8044
1433	8047
1476	8049
1492	8052
1509	8054
1514	8056
1470	8059
1405	8061
1388	8065
1451	8067
1510	8069
1530	8072
1537	8074
1536	8077
1501	8079
1429	8081
1398	8084
1442	8086
1496	8089
1516	8091
1529	8093
1532	8096
1511	8098
1437	8101
1399	8103
1432	8105
1496	8109
1525	8111
1543	8114
1551	8116
1523	8119
1447	8121
1416	8123
1434	8126
1495	8128
1522	8131
1536	8133
1541	8135
1522	8138
1447	8140
1413	8143
1432	8145
1492	8147
1524	8151
1538	8153
1543	8156
1533	8158
1458	8160
1409	8163
1424	8165
1468	8168
1507	8170
1525	8172
1536	8175
1538	8177
1472	8180
1415	8182
1415	8184
1472	8187
1512	8189
1529	8193
1542	8195
1541	8198
1472	8200
1404	8202
1390	8205
1445	8207
1488	8210
1510	8212
1523	8214
1529	8217
1479	8219
1411	8222
1390	8224
1446	8226
1496	8229
1518	8231
1534	8235
1541	8237
1509	8239
1440	8242
1410	8244
1458	8247
1513	8249
1533	8251
1543	8254
1547	8256
1506	8259
1455	8261
1421	8263
1455	8266
1514	8268
1536	8271
1549	8273
1552	8276
1516	8279
1438	8281
1407	8284
1424	8286
1479	8289
1499	8291
1507	8293
1510	8296
1488	8298
1412	8301
1372	8303
1389	8305
1448	8308
1480	8310
1491	8313
1491	8315
1474	8317
1395	8321
1348	8323
1368	8326
1413	8328
1449	8330
1464	8333
1468	8335
1462	8338
1389	8340
1337	8342
1350	8345
1416	8347
1454	8350
1470	8352
1485	8355
1491	8357
1432	8359
1375	8363
1370	8365
1429	8368
1473	8370
1498	8372
1510	8375
1515	8377
1463	8380
1396	8382
1377	8384
1435	8387
1484	8389
1507	8392
1520	8394
1525	8396
1489	8399
1422	8401
1396	8404
1445	8407
1496	8409
1512	8412
1520	8414
1522	8417
1472	8419
1415	8421
1376	8424
1412	8426
1467	8429
1488	8431
1503	8434
1509	8436
1474	8438
1401	8441
1374	8443
1397	8446
1456	8449
1481	8451
1499	8454
1510	8456
1495	8459
1422	8461
1383	8463
1413	8466
1458	8468
1488	8471
1507	8473
1519	8475
1512	8478
1443	8480
1399	8483
1420	8485
1481	8487
1504	8491
1523	8493
1533	8496
1529	8498
1459	8500
1409	8503
1422	8505
1485	8508
1521	8510
1540	8513
1548	8515
1551	8517
1489	8520
1431	8522
1426	8525
1484	8527
1524	8529
1541	8532
1546	8535
1546	8538
1489	8540
1424	8542
1407	8545
1461	8547
1504	8550
1520	8552
1526	8554
1524	8557
1459	8559
1407	8562
1380	8564
1430	8566
1480	8569
1500	8571
1513	8574
1517	8577
1467	8580
1404	8582
1385	8584
1432	8587
1495	8589
1524	8592
1541	8594
1546	8596
1507	8599
1435	8601
1404	8604
1437	8606
1499	8608
1526	8611
1539	8613
1541	8616
1512	8619
1437	8621
1402	8624
1438	8626
1490	8629
1504	8631
1516	8633
1518	8636
1497	8638
1416	8641
1370	8643
1395	8646
1456	8648
1482	8650
1495	8653
1502	8655
1497	8658
1426	8660
1377	8663
1390	8666
1448	8668
1481	8671
1499	8673
1507	8675
1507	8678
1441	8680
1389	8683
1396	8685
1459	8687
1497	8690
1512	8692
1517	8695
1510	8697
1456	8699
1394	8702
1384	8705
1440	8708
1483	8710
1501	8712
1510	8715
1508	8717
1444	8720
1388	8722
1376	8725
1431	8727
1483	8729
1509	8732
1533	8734
1546	8737
1494	8739
1428	8741
1410	8744
1449	8747
1502	8750
1522	8752
1535	8754
1540	8757
1497	8759
1425	8762
1397	8764
1448	8766
1502	8769
1519	8771
1536	8774
1544	8776
1517	8778
1442	8781
1405	8783
1443	8786
1500	8788
1523	8792
1534	8794
1540	8796
1520	8799
1443	8801
1403	8804
1431	8806
1493	8808
1521	8811
1541	8813
1546	8816
1532	8818
1454	8820
1405	8823
1422	8825
1487	8828
1526	8830
1550	8833
1555	8836
1538	8838
1481	8841
1424	8843
1426	8845
1485	8848
1525	8850
1547	8853
1557	8855
1552	8858
1480	8860
1437	8862
1428	8865
1484	8867
1525	8870
1546	8872
1559	8875
1562	8878
1494	8880
1436	8883
1435	8885
1477	8887
1524	8890
1542	8892
1553	8895
1556	8897
1501	8899
1440	8902
1429	8904
1489	8907
1531	8909
1556	8911
1571	8914
1575	8916
1530	8920
1462	8922
1440	8925
1498	8927
1549	8929
1569	8932
1579	8934
1584	8937
1552	8939
1479	8941
1443	8944
1484	8946
1538	8949
1556	8951
1566	8953
1568	8956
1544	8958
1465	8962
1421	8964
1451	8966
1510	8969
1537	8971
1555	8974
1564	8976
1537	8978
1478	8981
1429	8983
1447	8986
1507	8988
1535	8990
1549	8993
1552	8995
1533	8998
1457	9000
1422	9004
1429	9006
1489	9008
1526	9011
1546	9013
1555	9016
1548	9018
1474	9020
1426	9023
1427	9025
1482	9028
1520	9030
1538	9032
1547	9035
1544	9037
1473	9040
1417	9042
1422	9044
1480	9048
1510	9050
1525	9053
1531	9055
1526	9057
1461	9060
1397	9062
1387	9065
1445	9067
1489	9069
1508	9072
1527	9074
1534	9077
1485	9079
1420	9082
1403	9084
1464	9086
1518	9090
1541	9092
1556	9095
1561	9097
1527	9099
1457	9102
1427	9104
1476	9107
1532	9109
1556	9111
1571	9114
1573	9116
1547	9119
1469	9121
1430	9123
1462	9126
1519	9128
1536	9132
1545	9134
1545	9137
1509	9139
1429	9141
1395	9144
1410	9146
1470	9149
1500	9151
1518	9153
1525	9156
1504	9158
1426	9161
1383	9163
1399	9165
1460	9168
1496	9170
1516	9174
1522	9176
1512	9178
1438	9181
1391	9183
1409	9186
1470	9188
1495	9190
1517	9193
1532	9195
1535	9198
1468	9200
1418	9202
1426	9205
1484	9207
1520	9210
1534	9212
1545	9216
1548	9218
1489	9220
1432	9223
1427	9225
1486	9228
1528	9230
1544	9232
1553	9235
1555	9237
1505	9240
1440	9242
1421	9244
1474	9247
1518	9249
1535	9252
1544	9254
1544	9256
1502	9260
1430	9262
1400	9265
1449	9267
1501	9270
1524	9272
1538	9274
1542	9277
1491	9279
1420	9282
1398	9284
1439	9286
1502	9289
1530	9291
1546	9294
1549	9296
1509	9298
1434	9302
1402	9304
1434	9307
1498	9309
1525	9311
1541	9314
1546	9316
1523	9319
1447	9321
1411	9323
1446	9326
1507	9328
1526	9331
1545	9333
1554	9336
1544	9338
1470	9340
1425	9344
1445	9346
1508	9349
1535	9351
1545	9353
1550	9356
1542	9358
1466	9361
1408	9363
1416	9365
1479	9368
1518	9370
1534	9373
1539	9375
1537	9377
1470	9380
1409	9382
1406	9385
1463	9388
1502	9390
1520	9393
1529	9395
1527	9398
1457	9400
1411	9403
1396	9405
1452	9407
1496	9410
1512	9412
1519	9415
1517	9417
1452	9419
1391	9422
1375	9424
1427	9427
1479	9430
1500	9432
1513	9435
1513	9437
1455	9440
1386	9442
1366	9444
1426	9447
1472	9449
1500	9452
1520	9454
1526	9456
1484	9459
1410	9461
1381	9464
1430	9466
1483	9469
1499	9472
1514	9474
1519	9477
1494	9479
1422	9482
1391	9484
1432	9486
1490	9489
1513	9491
1525	9494
1533	9496
1520	9498
1444	9501
1399	9503
1423	9506
1486	9508
1512	9510
1528	9513
1534	9516
1528	9519
1456	9521
1403	9523
1414	9526
1472	9528
1499	9531
1512	9533
1516	9536
1501	9538
1424	9540
1386	9543
1390	9545
1452	9548
1494	9550
1514	9552
1523	9555
1522	9558
1453	9561
1402	9563
1399	9565
1457	9568
1505	9570
1528	9573
1539	9575
1538	9577
1467	9580
1404	9582
1399	9585
1456	9587
1489	9589
1505	9592
1514	9594
1516	9597
1463	9600
1399	9603
1383	9605
1437	9607
1480	9610
1493	9612
1506	9615
1508	9617
1463	9619
1392	9622
1368	9624
1423	9627
1477	9629
1496	9631
1508	9634
1516	9636
1488	9639
1414	9641
1380	9644
1422	9647
1482	9649
1505	9652
1521	9654
1526	9656
1509	9659
1434	9661
1394	9664
1422	9666
1482	9668
1505	9671
1516	9673
1518	9676
1491	9678
1434	9680
1389	9683
1408	9686
1467	9689
1494	9691
1508	9694
1513	9696
1496	9698
1420	9701
1386	9703
1393	9706
1451	9708
1490	9710
1512	9713
1523	9715
1516	9718
1439	9720
1384	9722
1392	9725
1436	9728
1479	9731
1497	9733
1508	9735
1511	9738
1448	9740
1392	9743
1393	9745
1450	9747
1483	9750
1504	9752
1516	9755
1519	9757
1463	9760
1404	9762
1396	9764
1457	9767
1500	9769
1514	9773
1527	9775
1533	9777
1492	9780
1428	9782
1407	9785
1461	9787
1515	9789
1541	9792
1561	9794
1567	9797
1538	9799
1469	9801
1438	9804
1481	9806
1535	9809
1553	9811
1563	9814
1564	9817
1541	9819
1462	9822
1419	9824
1446	9826
1504	9829
1526	9831
1539	9834
1544	9836
1518	9839
1448	9841
1420	9843
1436	9846
1492	9848
1518	9851
1534	9853
1541	9856
1525	9859
1448	9861
1403	9864
1415	9866
1471	9868
1507	9871
1528	9873
1537	9876
1529	9878
1455	9880
1408	9883
1423	9885
1480	9888
1504	9890
1521	9892
1530	9895
1532	9897
1464	9901
1410	9903
1416	9906
1475	9908
1509	9910
1521	9913
1529	9915
1529	9918
1467	9920
1403	9922
1390	9925
1447	9927
1488	9930
1504	9932
1511	9934
1514	9937
1465	9939
1400	9943
1378	9945
1433	9947
1483	9950
1502	9952
1511	9955
1510	9957
1472	9959
1400	9962
1369	9964
1415	9967
1469	9969
1493	9971
1511	9974
1519	9976
1479	9979
1426	9981
1393	9985
1427	9987
1486	9989
1508	9992
1521	9994
1524	9997
1491	9999
1416	10001
1384	10004
1428	10006
1484	10009
1506	10011
1519	10014
1521	10016
1499	10019
1421	10021
1380	10023
1409	10027
1471	10029
1498	10032
1516	10034
1523	10037
1495	10039
1419	10042
1384	10044
1425	10047
1484	10049
1508	10052
1527	10054
1536	10056
1504	10059
1435	10061
1407	10064
1455	10066
1513	10070
1537	10072
1551	10075
1551	10077
1505	10080
1434	10082
1407	10084
1460	10087
1511	10089
1531	10092
1543	10094
1543	10097
1488	10099
1419	10102
1398	10104
1449	10107
1494	10109
1512	10112
1520	10115
1522	10117
1485	10120
1416	10122
1390	10125
1440	10127
1493	10130
1512	10132
1526	10135
1532	10137
1488	10140
1420	10142
1397	10144
1453	10147
1505	10149
1529	10152
1543	10155
1546	10158
1488	10160
1423	10163
1412	10165
1475	10168
1521	10170
1539	10172
1550	10175
1552	10177
1488	10180
1426	10182
1418	10185
1477	10187
1523	10190
1544	10192
1553	10195
1548	10198
1479	10200
1421	10203
1422	10205
1479	10208
1514	10210
1531	10213
1539	10215
1539	10218
1477	10220
1414	10223
1405	10225
1466	10227
1513	10230
1533	10232
1540	10235
1539	10237
1472	10241
1412	10243
1408	10246
1465	10248
1507	10251
1527	10253
1538	10256
1537	10258
1470	10260
1421	10263
1432	10265
1495	10268
1532	10270
1548	10273
1555	10275
1547	10278
1473	10280
1422	10284
1434	10286
1492	10288
1521	10291
1538	10293
1546	10296
1535	10298
1457	10301
1407	10303
1426	10306
1489	10308
1520	10311
1536	10313
1542	10315
1541	10318
1469	10320
1412	10323
1417	10326
1471	10329
1502	10331
1517	10334
1523	10336
1516	10339
1446	10341
1401	10344
1420	10346
1482	10348
1510	10351
1520	10353
1522	10356
1506	10358
1431	10361
1388	10363
1414	10366
1478	10369
1507	10372
1523	10374
1530	10376
1509	10379
1431	10381
1391	10384
1422	10386
1481	10389
1505	10391
1519	10394
1522	10396
1494	10399
1422	10401
1391	10403
1433	10406
1491	10408
1515	10412
1530	10414
1533	10417
1512	10419
1433	10422
1392	10424
1419	10427
1480	10429
1506	10432
1522	10434
1528	10436
1505	10439
1436	10441
1405	10444
1443	10446
1501	10449
1523	10451
1535	10455
1537	10457
1503	10460
1434	10462
1407	10464
1454	10467
1510	10469
1530	10472
1543	10474
1547	10477
1506	10479
1436	10482
1409	10484
1462	10487
1518	10489
1542	10491
1554	10494
1551	10497
1497	10500
1428	10502
1408	10505
1463	10507
1510	10510
1525	10512
1530	10515
1531	10517
1495	10519
1420	10522
1387	10524
1431	10527
1484	10529
1504	10532
1518	10534
1522	10537
1477	10540
1411	10543
1389	10545
1444	10548
1499	10550
1522	10552
1535	10555
1539	10557
1488	10560
1426	10562
1407	10565
1460	10567
1504	10570
1524	10572
1536	10575
1540	10577
1481	10579
1420	10583
1411	10585
1467	10588
1507	10590
1523	10593
1533	10595
1533	10598
1467	10600
1408	10603
1404	10605
1458	10607
1494	10610
1514	10612
1526	10615
1535	10617
1479	10620
1414	10622
1398	10626
1457	10628
1503	10631
1521	10633
1526	10636
1524	10638
1461	10640
1404	10643
1402	10645
1460	10648
1500	10650
1516	10653
1523	10655
1519	10658
1448	10660
1392	10663
1400	10665
1464	10668
1505	10671
1523	10673
1530	10676
1524	10678
1452	10681
1401	10683
1415	10686
1477	10688
1511	10691
1528	10693
1533	10695
1522	10698
1449	10700
1405	10703
1421	10705
1478	10708
1505	10711
1518	10714
1528	10716
1528	10719
1461	10721
1410	10723
1417	10726
1473	10728
1507	10731
1526	10733
1534	10736
1527	10738
1452	10741
1404	10743
1419	10746
1478	10748
1508	10752
1525	10754
1533	10756
1520	10759
1443	10761
1399	10764
1421	10766
1481	10769
1506	10771
1518	10774
1520	10776
1499	10779
1425	10781
1388	10783
1421	10786
1482	10788
1505	10791
1518	10793
1524	10797
1502	10799
1434	10802
1401	10804
1435	10807
1490	10809
1512	10811
1528	10814
1532	10816
1516	10819
1441	10821
1401	10824
1428	10826
1489	10829
1513	10831
1526	10834
1530	10836
1506	10840
1429	10842
1391	10844
1428	10847
1490	10849
1516	10852
1532	10854
1537	10857
1508	10859
1438	10862
1409	10864
1452	10867
1507	10869
1530	10871
1544	10874
1545	10876
1502	10880
1429	10882
1401	10885
1451	10887
1508	10890
1534	10892
1552	10895
1555	10897
1505	10899
1438	10902
1417	10904
1469	10907
1517	10909
1534	10912
1544	10914
1544	10917
1508	10919
1434	10923
1402	10925
1448	10928
1503	10930
1522	10932
1534	10935
1540	10937
1501	10940
1436	10942
1409	10945
1455	10947
1501	10950
1519	10952
1531	10955
1535	10957
1483	10959
1418	10962
1397	10964
1453	10968
1500	10970
1520	10973
1531	10975
1534	10978
1476	10980
1413	10983
1401	10985
1457	10987
1499	10990
1519	10992
1533	10995
1538	10997
1476	11000
1416	11002
1410	11005
1468	11008
1510	11011
1529	11013
1534	11015
1531	11018
1472	11020
1408	11023
1393	11025
1449	11028
1494	11030
1513	11033
1524	11035
1529	11038
1469	11040
1414	11043
1412	11045
1475	11047
1518	11051
1536	11053
1545	11056
1545	11058
1480	11061
1425	11063
1427	11066
1487	11068
1528	11071
1547	11073
1556	11075
1554	11078
1484	11080
1428	11083
1433	11085
1489	11088
1519	11090
1533	11094
1537	11096
1527	11099
1455	11101
1411	11103
1430	11106
1490	11108
1517	11111
1527	11113
1533	11116
1532	11118
1468	11121
1418	11123
1425	11126
1483	11128
1516	11131
1527	11133
1530	11136
1522	11139
1450	11141
1399	11144
1410	11146
1469	11149
1501	11151
1518	11154
1525	11156
1513	11159
1437	11161
1387	11163
1402	11166
1459	11168
1486	11171
1503	11173
1508	11176
1485	11179
1405	11182
1367	11184
1397	11187
1455	11189
1475	11191
1488	11194
1494	11196
1470	11199
1397	11201
1362	11204
1398	11206
1457	11209
1478	11211
1491	11214
1499	11216
1487	11219
1413	11222
1371	11224
1393	11227
1457	11229
1490	11232
1511	11234
1516	11237
1490	11239
1410	11242
1366	11244
1394	11247
1454	11249
1481	11251
1500	11254
1507	11256
1481	11259
1411	11261
1381	11265
1420	11267
1476	11270
1496	11272
1508	11275
1509	11277
1472	11279
1403	11282
1375	11284
1422	11287
1475	11289
1497	11292
1509	11294
1512	11297
1466	11299
1396	11302
1372	11304
1427	11307
1479	11310
1501	11312
1515	11315
1519	11317
1486	11320
1411	11322
1377	11325
1422	11327
1479	11330
1506	11332
1522	11335
1525	11337
1482	11339
1409	11342
1379	11344
1427	11347
1479	11350
1501	11353
1515	11355
1518	11358
1468	11360
1402	11363
1382	11365
1438	11367
1487	11370
1506	11372
1515	11375
1515	11377
1455	11380
1390	11382
1377	11385
1434	11387
1479	11390
1502	11393
1519	11395
1526	11398
1465	11400
1406	11403
1400	11405
1456	11408
1495	11410
1513	11413
1522	11415
1525	11418
1472	11420
1411	11423
1397	11425
1454	11427
1500	11430
1522	11432
1538	11436
1542	11438
1481	11441
1418	11443
1407	11446
1464	11448
1510	11451
1529	11453
1536	11455
1532	11458
1465	11460
1407	11463
1405	11465
1461	11468
1498	11470
1515	11473
1523	11475
1521	11479
1452	11481
1399	11483
1409	11486
1474	11488
1515	11491
1531	11493
1536	11496
1531	11498
1458	11501
1406	11503
1418	11506
1477	11508
1507	11511
1525	11513
1534	11515
1537	11518
1475	11521
1420	11524
1422	11526
1480	11529
1516	11531
1533	11534
1539	11536
1532	11539
1459	11541
1407	11543
1416	11546
1475	11548
1507	11551
1523	11553
1527	11556
1516	11558
1446	11561
1404	11564
1422	11567
1480	11569
1508	11571
1523	11574
1529	11576
1513	11579
1437	11581
1395	11584
1420	11586
1481	11589
1507	11591
1524	11594
1532	11596
1513	11598
1444	11601
1415	11603
1454	11607
1514	11609
1538	11612
1550	11614
1555	11617
1543	11619
1471	11622
1431	11624
1449	11627
1508	11629
1533	11631
1545	11634
1547	11636
1523	11639
1443	11641
1399	11644
1425	11646
1487	11650
1514	11652
1529	11655
1530	11657
1494	11659
1411	11662
1370	11664
1404	11667
1462	11669
1485	11672
1503	11674
1513	11677
1480	11679
1406	11682
1376	11684
1422	11686
1478	11689
1497	11692
1510	11695
1516	11697
1476	11700
1409	11702
1386	11705
1440	11707
1493	11710
1518	11712
1530	11715
1535	11717
1504	11719
1430	11722
1395	11724
1436	11727
1494	11729
1517	11732
1531	11735
1533	11738
1489	11740
1412	11743
1380	11745
1426	11747
1479	11750
1498	11752
1510	11755
1512	11757
1464	11760
1395	11762
1371	11765
1423	11767
1471	11770
1494	11772
1514	11774
1524	11778
1472	11780
1404	11783
1385	11785
1440	11788
1485	11790
1504	11793
1515	11795
1520	11798
1464	11800
1406	11803
1398	11805
1454	11807
1495	11810
1515	11812
1525	11815
1529	11817
1481	11821
1420	11823
1403	11826
1458	11828
1505	11831
1524	11833
1535	11835
1538	11838
1482	11840
1419	11843
1406	11845
1464	11848
1513	11850
1538	11853
1549	11855
1546	11858
1479	11860
1419	11863
1416	11866
1477	11868
1523	11871
1544	11873
1552	11876
1554	11878
1490	11881
1435	11883
1438	11886
1495	11888
1529	11890
1545	11893
1553	11895
1552	11898
1484	11900
1433	11904
1442	11906
1500	11909
1531	11911
1547	11914
1554	11916
1553	11919
1487	11921
1430	11923
1427	11926
1483	11928
1521	11931
1538	11933
1542	11936
1536	11938
1462	11941
1406	11943
1411	11947
1467	11949
1500	11951
1518	11954
1530	11956
1529	11959
1459	11961
1410	11964
1421	11966
1476	11969
1504	11971
1519	11974
1528	11976
1516	11978
1444	11981
1402	11983
1426	11986
1489	11988
1524	11992
1547	11994
1555	11997
1529	11999
1447	12002
1402	12004
1429	12007
1489	12009
1513	12011
1527	12014
1529	12016
1517	12019
1442	12021
1395	12024
1415	12026
1480	12029
1513	12032
1532	12035
1539	12037
1523	12039
1447	12042
1408	12044
1436	12047
1501	12049
1531	12052
1547	12054
1545	12057
1512	12059
1432	12062
1393	12064
1428	12066
1491	12069
1516	12071
1533	12075
1541	12077
1513	12080
1446	12082
1418	12085
1463	12087
1523	12090
1547	12092
1560	12094
1560	12097
1514	12099
1441	12102
1410	12104
1459	12107
1515	12109
1541	12112
1557	12114
1559	12118
1527	12120
1448	12123
1409	12125
1445	12127
1499	12130
1519	12132
1531	12135
1534	12137
1497	12140
1422	12142
1388	12145
1433	12147
1488	12150
1510	12152
1527	12154
1531	12157
1484	12160
1414	12163
1388	12165
1437	12168
1485	12170
1506	12173
1522	12175
1532	12178
1485	12180
1420	12182
1397	12185
1442	12187
1482	12190
1497	12192
1506	12195
1508	12197
1450	12200
1392	12203
1385	12206
1443	12208
1487	12211
1504	12213
1512	12215
1512	12218
1461	12220
1392	12223
1370	12225
1427	12228
1481	12230
1505	12233
1518	12235
1518	12238
1460	12240
1397	12242
1386	12246
1450	12248
1499	12251
1521	12253
1535	12256
1542	12258
1482	12261
1423	12263
1417	12266
1474	12268
1516	12270
1537	12273
1550	12275
1555	12278
1491	12280
1434	12283
1434	12285
1492	12289
1526	12291
1539	12294
1548	12296
1547	12299
1480	12301
1430	12303
1442	12306
1501	12308
1532	12311
1550	12313
1559	12316
1564	12318
1499	12321
1434	12323
1426	12326
1482	12328
1524	12331
1544	12334
1552	12336
1550	12339
1480	12341
1424	12344
1428	12346
1483	12349
1517	12351
1533	12354
1542	12356
1541	12358
1475	12361
1428	12363
1440	12366
1495	12368
1523	12371
1536	12374
1538	12377
1521	12379
1444	12382
1399	12384
1418	12386
1479	12389
1507	12391
1525	12394
1532	12396
1512	12399
1433	12401
1388	12404
1414	12406
1473	12409
1499	12411
1517	12414
1524	12417
1520	12419
1451	12422
1406	12424
1423	12427
1479	12429
1507	12432
1524	12434
1534	12437
1521	12439
1448	12442
1404	12444
1429	12446
1492	12449
1521	12451
1538	12454
1542	12456
1520	12460
1444	12462
1404	12465
1434	12467
1494	12470
1518	12472
1531	12474
1534	12477
1500	12479
1424	12482
1389	12484
1431	12487
1490	12489
1511	12492
1524	12494
1528	12497
1489	12499
1419	12503
1395	12505
1448	12507
1503	12510
1524	12512
1537	12515
1539	12517
1509	12520
1431	12522
1393	12525
1431	12527
1490	12530
1511	12532
1523	12534
1527	12537
1492	12539
1419	12542
1386	12545
1432	12548
1486	12550
1504	12553
1516	12555
1523	12558
1485	12560
1417	12562
1388	12565
1434	12567
1482	12570
1500	12572
1513	12575
1518	12577
1470	12580
1408	12582
1390	12585
1443	12588
1489	12591
1509	12593
1520	12595
1522	12598
1463	12600
1400	12603
1387	12605
1445	12608
1490	12610
1509	12613
1521	12615
1527	12618
1485	12620
1417	12622
1388	12625
1438	12627
1486	12631
1507	12633
1522	12636
1529	12638
1475	12641
1410	12643
1393	12646
1450	12648
1498	12650
1517	12653
1525	12655
1527	12658
1468	12660
1407	12663
1394	12665
1448	12668
1487	12670
1505	12674
1515	12676
1519	12679
1457	12681
1403	12683
1401	12686
1457	12688
1495	12691
1516	12693
1528	12696
1526	12698
1452	12701
1396	12703
1404	12706
1463	12708
1499	12710
1517	12713
1527	12716
1531	12719
1468	12721
1405	12724
1397	12726
1455	12729
1497	12731
1515	12734
1523	12736
1521	12738
1450	12741
1390	12743
1393	12746
1453	12748
1495	12751
1515	12753
1523	12756
1518	12759
1446	12762
1396	12764
1413	12767
1479	12769
1519	12771
1538	12774
1543	12776
1530	12779
1455	12781
1409	12784
1428	12786
1488	12789
1515	12791
1528	12794
1532	12796
1514	12798
1441	12802
1400	12804
1426	12807
1486	12809
1511	12812
1530	12814
1539	12817
1529	12819
1450	12822
1397	12824
1413	12826
1477	12829
1512	12831
1533	12834
1546	12836
1539	12839
1464	12841
1417	12845
1439	12847
1502	12850
1535	12852
1558	12854
1565	12857
1540	12859
1459	12862
1416	12864
1445	12867
1505	12869
1530	12872
1546	12874
1550	12877
1520	12879
1442	12882
1403	12884
1441	12887
1498	12890
1522	12892
1538	12895
1542	12897
1503	12900
1428	12902
1393	12905
1436	12907
1492	12910
1520	12912
1539	12914
1544	12917
1517	12919
1437	12922
1396	12924
1428	12928
1487	12930
1513	12933
1529	12935
1532	12938
1499	12940
1425	12942
1393	12945
1437	12947
1494	12950
1520	12952
1539	12955
1545	12957
1504	12960
1430	12962
1400	12965
1447	12967
1501	12971
1527	12973
1549	12975
1559	12978
1510	12980
1440	12983
1414	12985
1466	12988
1517	12990
1539	12993
1552	12995
1551	12998
1491	13000
1423	13002
1406	13005
1462	13007
1508	13010
1529	13012
1542	13016
1545	13018
1500	13021
1425	13023
1394	13026
1445	13028
1497	13030
1516	13033
1526	13035
1527	13038
1472	13040
1405	13043
1385	13045
1441	13048
1486	13050
1506	13053
1520	13056
1526	13058
1471	13061
1413	13063
1403	13066
1459	13068
1500	13071
1516	13073
1524	13076
1531	13078
1474	13081
1418	13083
1410	13086
1462	13088
1498	13090
1515	13093
1524	13095
1525	13099
1460	13101
1411	13104
1422	13106
1482	13109
1516	13111
1531	13114
1534	13116
1524	13118
1467	13121
1404	13123
1397	13126
1454	13128
1496	13131
1515	13133
1527	13136
1531	13138
1469	13142
1414	13144
1416	13146
1476	13149
1519	13151
1544	13154
1561	13156
1567	13159
1502	13161
1450	13164
1456	13166
1514	13169
1550	13171
1569	13174
1580	13176
1577	13178
1508	13181
1461	13184
1478	13187
1543	13189
1578	13192
1600	13194
1611	13197
1599	13199
1525	13202
1480	13204
1502	13206
1562	13209
1586	13211
1599	13214
1603	13216
1578	13219
1521	13221
1470	13224
1482	13227
1541	13230
1571	13232
1586	13234
1591	13237
1581	13239
1508	13242
1466	13244
1486	13247
1549	13249
1577	13252
1593	13254
1600	13257
1583	13259
1508	13262
1466	13264
1494	13266
1557	13270
1586	13272
1605	13275
1606	13277
1573	13280
1493	13282
1452	13285
1484	13287
1541	13290
1562	13292
1575	13294
1579	13297
1545	13299
1470	13302
1434	13304
1476	13307
1531	13309
1553	13313
1568	13315
1573	13318
1529	13320
1472	13322
1432	13325
1464	13327
1527	13330
1555	13332
1573	13335
1574	13337
1537	13340
1457	13342
1420	13345
1459	13347
1516	13350
1541	13352
1561	13355
1567	13358
1531	13360
1463	13363
1438	13365
1487	13368
1541	13370
1562	13373
1575	13375
1574	13378
1520	13380
1443	13382
1410	13385
1457	13387
1503	13390
1522	13392
1531	13395
1530	13398
1472	13401
1403	13403
1383	13406
1436	13408
1481	13410
1501	13413
1511	13415
1513	13418
1456	13420
1411	13423
1390	13425
1446	13428
1498	13430
1512	13433
1521	13435
1523	13438
1473	13441
1406	13443
1385	13446
1438	13448
1483	13451
1503	13453
1517	13456
1521	13458
1464	13461
1399	13463
1384	13466
1439	13468
1484	13470
1508	13473
1523	13475
1528	13478
1464	13480
1400	13484
1387	13486
1437	13489
1474	13491
1492	13494
1504	13496
1508	13498
1442	13501
1387	13503
1390	13506
1449	13508
1488	13511
1509	13513
1520	13516
1517	13518
1464	13521
1405	13523
1397	13526
1456	13529
1503	13531
1524	13534
1529	13536
1525	13539
1456	13541
1394	13544
1390	13546
1442	13549
1476	13551
1489	13554
1493	13556
1488	13558
1416	13561
1360	13563
1364	13566
1418	13569
1449	13572
1464	13574
1468	13577
1460	13579
1387	13582
1341	13584
1358	13586
1419	13589
1459	13591
1491	13594
1511	13596
1499	13599
1421	13601
1377	13604
1399	13606
1459	13609
1489	13612
1511	13614
1521	13617
1519	13619
1450	13622
1400	13624
1413	13627
1475	13629
1512	13632
1535	13634
1546	13637
1538	13639
1460	13641
1410	13644
1426	13646
1486	13649
1515	13651
1528	13655
1527	13657
1506	13660
1426	13662
1381	13665
1404	13667
1465	13670
1489	13672
1504	13674
1512	13677
1494	13679
1420	13682
1381	13684
1412	13687
1471	13689
1497	13692
1518	13694
1526	13698
1495	13700
1417	13702
1384	13705
1427	13707
1486	13710
1508	13712
1522	13715
1524	13717
1503	13720
1425	13722
1385	13725
1414	13727
1476	13729
1504	13732
1523	13734
1528	13737
1501	13740
1428	13743
1395	13745
1433	13748
1492	13750
1513	13753
1524	13755
1522	13758
1486	13760
1412	13762
1379	13765
1422	13767
1478	13770
1501	13772
1512	13775
1513	13777
1469	13780
1399	13783
1374	13786
1427	13788
1484	13790
1510	13793
1524	13795
1528	13798
1478	13800
1413	13803
1394	13805
1448	13808
1495	13810
1515	13813
1527	13815
1529	13817
1489	13820
1416	13822
1388	13826
1435	13828
1487	13831
1505	13833
1514	13836
1514	13838
1466	13841
1400	13843
1383	13846
1442	13848
1495	13850
1512	13853
1519	13855
1518	13858
1462	13860
1397	13863
1379	13865
1434	13869
1482	13871
1503	13874
1515	13876
1520	13878
1462	13881
1406	13883
1401	13886
1459	13888
1498	13891
1516	13893
1526	13896
1527	13898
1462	13901
1408	13903
1408	13905
1461	13908
1497	13911
1513	13914
1520	13916
1514	13919
1459	13921
1394	13924
1379	13926
1435	13929
1479	13931
1499	13934
1512	13936
1518	13938
1461	13941
1408	13943
1407	13946
1463	13948
1501	13952
1518	13954
1527	13957
1526	13959
1456	13962
1399	13964
1404	13966
1464	13969
1504	13971
1525	13974
1533	13976
1527	13979
1454	13981
1401	13984
1410	13986
1472	13989
1511	13991
1535	13993
1542	13997
1529	13999
1450	14002
1403	14004
1420	14007
1479	14009
1509	14012
1525	14014
1528	14017
1509	14019
1452	14021
1401	14024
1409	14026
1470	14029
1507	14031
1526	14034
1533	14036
1526	14040
1456	14042
1411	14045
1427	14047
1489	14050
1523	14052
1542	14054
1550	14057
1537	14059
1463	14062
1418	14064
1438	14067
1500	14069
1529	14072
1548	14074
1556	14077
1539	14080
1462	14082
1421	14085
1453	14087
1515	14090
1537	14092
1548	14095
1549	14097
1519	14100
1439	14102
1398	14105
1430	14107
1483	14109
1502	14112
1517	14114
1521	14117
1504	14119
1427	14123
1385	14125
1410	14128
1470	14130
1499	14133
1518	14135
1524	14138
1499	14140
1422	14142
1381	14145
1412	14147
1474	14150
1499	14152
1513	14155
1517	14157
1487	14160
1415	14162
1384	14166
1426	14168
1481	14170
1504	14173
1519	14175
1524	14178
1490	14180
1423	14183
1399	14185
1448	14188
1500	14190
1523	14193
1539	14195
1543	14197
1498	14200
1433	14202
1415	14205
1471	14208
1522	14211
1546	14213
1562	14216
1567	14218
1535	14221
1462	14223
1429	14225
1471	14228
1524	14230
1542	14233
1553	14235
1559	14238
1523	14240
1457	14243
1426	14245
1472	14248
1518	14251
1536	14254
1548	14256
1553	14258
1505	14261
1440	14263
1419	14266
1475	14268
1524	14271
1544	14273
1555	14276
1556	14278
1500	14281
1442	14283
1434	14285
1496	14288
1542	14290
1558	14294
1563	14296
1562	14299
1498	14301
1440	14304
1437	14306
1492	14309
1529	14311
1546	14313
1557	14316
1559	14318
1511	14321
1447	14323
1428	14326
1478	14328
1521	14331
1541	14333
1552	14337
1552	14339
1489	14342
1429	14344
1421	14346
1478	14349
1521	14351
1540	14354
1550	14356
1550	14359
1479	14361
1419	14364
1419	14366
1479	14369
1519	14371
1539	14373
1546	14376
1540	14379
1466	14382
1411	14384
1417	14387
1475	14389
1509	14392
1525	14394
1532	14397
1521	14399
1445	14401
1396	14404
1412	14406
1476	14409
1510	14411
1527	14414
1533	14416
1520	14419
1464	14422
1406	14425
1409	14427
1468	14430
1508	14432
1529	14434
1536	14437
1527	14439
1452	14442
1400	14444
1411	14447
1472	14449
1508	14452
1528	14454
1538	14457
1533	14459
1464	14461
1418	14465
1432	14467
1490	14470
1516	14472
1533	14475
1543	14477
1531	14480
1459	14482
1419	14485
1444	14487
1505	14489
1534	14492
1553	14494
1558	14497
1533	14499
1459	14502
1425	14504
1461	14508
1520	14510
1542	14513
1556	14515
1561	14517
1530	14520
1473	14522
1429	14525
1450	14527
1514	14530
1544	14532
1563	14535
1568	14537
1546	14540
1469	14542
1428	14545
1453	14547
1508	14550
1531	14553
1549	14555
1555	14558
1523	14560
1442	14563
1404	14565
1442	14568
1501	14570
1528	14573
1548	14575
1554	14577
1516	14580
1440	14582
1409	14585
1455	14587
1506	14590
1521	14593
1530	14596
1530	14598
1486	14601
1419	14603
1398	14605
1449	14608
1499	14610
1518	14613
1527	14615
1526	14618
1494	14620
1419	14623
1384	14625
1423	14628
1476	14630
1498	14633
1512	14636
1515	14638
1476	14641
1408	14643
1383	14646
1435	14648
1488	14651
1507	14653
1519	14656
1524	14658
1479	14661
1414	14663
1393	14665
1446	14668
1494	14670
1512	14673
1520	14675
1520	14679
1464	14681
1401	14684
1385	14686
1442	14689
1490	14691
1512	14693
1524	14696
1524	14698
1462	14701
1405	14703
1402	14706
1461	14708
1497	14711
1510	14713
1515	14716
1511	14718
1460	14721
1393	14724
1373	14726
1429	14729
1477	14731
1497	14734
1506	14736
1504	14739
1442	14741
1380	14744
1368	14746
1425	14749
1470	14751
1489	14753
1495	14756
1490	14758
1420	14761
1359	14764
1354	14767
1408	14769
1448	14772
1469	14774
1483	14777
1485	14779
1416	14781
1359	14784
1363	14786
1419	14789
1454	14791
1476	14794
1493	14796
1494	14799
1418	14801
1365	14804
1378	14807
1442	14809
1479	14812
1497	14814
1504	14817
1492	14819
1434	14822
1376	14824
1377	14827
1436	14829
1475	14832
1494	14834
1507	14837
1507	14839
1438	14841
1383	14844
1388	14846
1441	14850
1469	14852
1483	14855
1496	14857
1494	14860
1424	14862
1380	14865
1399	14867
1461	14869
1493	14872
1509	14874
1515	14877
1502	14879
1428	14882
1387	14884
1412	14887
1476	14889
1504	14893
1520	14895
1526	14897
1506	14900
1433	14902
1397	14905
1430	14907
1494	14910
1524	14912
1543	14915
1550	14917
1539	14920
1462	14922
1416	14924
1438	14927
1502	14929
1534	14932
1553	14935
1561	14938
1540	14940
1456	14943
1407	14945
1429	14948
1485	14950
1511	14953
1528	14955
1532	14957
1505	14960
1428	14962
1389	14965
1423	14967
1482	14970
1506	14972
1521	14976
1524	14978
1490	14981
1416	14983
1385	14985
1437	14988
1500	14990
1524	14993
1534	14995
1535	14998
1491	15000
1416	15003
1387	15005
1438	15008
1491	15010
1508	15012
1514	15015
1513	15017
1484	15021
1412	15023
1379	15026
1416	15028
1470	15031
1489	15033
1503	15036
1510	15038
1480	15041
1413	15043
1385	15045
1432	15048
1484	15050
1501	15053
1510	15055
1510	15058
1463	15060
1394	15064
1369	15066
1423	15069
1474	15071
1492	15073
1502	15076
1504	15078
1449	15081
1381	15083
1361	15086
1415	15088
1463	15091
1488	15093
1508	15096
1516	15098
1456	15100
1389	15104
1375	15106
1430	15109
1473	15111
1498	15114
1514	15116
1516	15119
1466	15121
1396	15124
1372	15126
1424	15129
1471	15131
1492	15133
1505	15136
1511	15138
1457	15141
1395	15143
1381	15147
1437	15149
1484	15152
1507	15154
1519	15157
1520	15159
1460	15161
1405	15164
1405	15166
1470	15169
1519	15171
1541	15174
1549	15176
1547	15179
1479	15181
1423	15184
1428	15186
1489	15188
1531	15192
1555	15194
1571	15197
1572	15199
1505	15202
1456	15204
1467	15207
1523	15209
1553	15212
1568	15214
1576	15217
1567	15219
1513	15221
1457	15224
1456	15226
1513	15229
1550	15232
1567	15235
1575	15237
1571	15240
1499	15242
1441	15245
1444	15247
1500	15249
1535	15252
1551	15254
1559	15257
1553	15259
1482	15262
1432	15264
1445	15267
1503	15269
1533	15272
1553	15275
1563	15277
1549	15280
1471	15282
1422	15285
1440	15287
1500	15290
1528	15292
1544	15295
1547	15297
1523	15300
1445	15302
1405	15305
1430	15307
1483	15309
1503	15312
1515	15314
1518	15318
1490	15320
1416	15323
1388	15325
1410	15328
1473	15330
1501	15333
1515	15335
1520	15337
1502	15340
1423	15342
1380	15345
1404	15347
1466	15350
1494	15352
1511	15355
1519	15357
1505	15361
1435	15363
1399	15365
1431	15368
1490	15370
1511	15373
1522	15375
1524	15378
1494	15380
1421	15383
1387	15385
1426	15388
1482	15390
1506	15393
1522	15395
1524	15397
1486	15400
1418	15403
1390	15406
1436	15408
1487	15411
1505	15413
1516	15416
1518	15418
1470	15421
1401	15423
1379	15425
1415	15428
1474	15430
1498	15433
1514	15435
1518	15438
1485	15440
1413	15443
1382	15446
1426	15449
1483	15451
1505	15453
1521	15456
1528	15458
1496	15461
1436	15463
1412	15466
1457	15468
1507	15471
1529	15473
1544	15476
1548	15478
1499	15480
1433	15483
1413	15485
1465	15489
1512	15491
1530	15494
1542	15496
1543	15499
1485	15501
1422	15504
1411	15506
1470	15509
1515	15511
1535	15513
1546	15516
1549	15518
1505	15521
1436	15523
1408	15526
1458	15528
1506	15532
1526	15534
1538	15537
1540	15539
1484	15541
1420	15544
1404	15546
1460	15549
1504	15551
1525	15554
1538	15556
1544	15559
1485	15561
1423	15564
1416	15566
1478	15568
1526	15571
1545	15574
1554	15577
1554	15579
1488	15582
1430	15584
1429	15587
1487	15589
1523	15592
1539	15594
1545	15597
1542	15599
1472	15601
1417	15604
1422	15606
1478	15609
1511	15611
1529	15614
1539	15617
1534	15620
1464	15622
1417	15625
1421	15627
1480	15629
1518	15632
1533	15634
1540	15637
1538	15639
1470	15642
1413	15644
1416	15647
1473	15649
1509	15652
1527	15654
1535	15656
1530	15660
1456	15662
1405	15665
1419	15667
1480	15670
1512	15672
1527	15675
1531	15677
1522	15680
1451	15682
1410	15685
1427	15687
1483	15689
1506	15692
1519	15694
1524	15697
1510	15699
1437	15703
1398	15705
1423	15708
1483	15710
1511	15713
1530	15715
1538	15717
1515	15720
1442	15722
1413	15725
1429	15727
1489	15730
1515	15732
1529	15735
1537	15737
1528	15740
1457	15742
1416	15745
1434	15748
1491	15750
1516	15753
1531	15755
1537	15758
1519	15760
1445	15763
1410	15765
1442	15768
1503	15770
1527	15772
1542	15775
1548	15777
1523	15780
1449	15782
1414	15785
1452	15788
1512	15791
1536	15793
1547	15796
1547	15798
1508	15801
1433	15803
1399	15805
1441	15808
1495	15810
1518	15813
1536	15815
1543	15818
1498	15820
1428	15823
1403	15825
1438	15828
1495	15831
1514	15833
1526	15836
1532	15838
1502	15841
1425	15843
1388	15846
1427	15848
1484	15851
1511	15853
1530	15856
1534	15858
1492	15860
1420	15863
1392	15865
1438	15868
1488	15870
1506	15874
1516	15876
1518	15879
1472	15881
1405	15884
1383	15886
1439	15889
1492	15891
1513	15893
1523	15896
1524	15898
1471	15901
1411	15903
1396	15906
1450	15908
1494	15911
1512	15913
1522	15917
1523	15919
1461	15921
1400	15924
1393	15926
1436	15929
1491	15931
1513	15934
1523	15936
1523	15939
1467	15941
1399	15944
1377	15946
1430	15948
1474	15951
1494	15953
1507	15956
1513	15959
1459	15962
1397	15964
1385	15967
1443	15969
1489	15972
1510	15974
1521	15977
1522	15979
1459	15981
1399	15984
1392	15986
1450	15989
1490	15991
1511	15994
1520	15996
1520	16000
1451	16002
1395	16005
1401	16007
1463	16009
1504	16012
1525	16014
1536	16017
1533	16019
1459	16022
1409	16024
1420	16027
1464	16029
1505	16032
1523	16034
1531	16036
1529	16039
1460	16041
1402	16045
1400	16047
1457	16050
1496	16052
1519	16055
1530	16057
1527	16060
1454	16062
1401	16065
1408	16067
1466	16069
1500	16072
1517	16074
1526	16077
1521	16079
1448	16082
1398	16084
1412	16088
1471	16090
1501	16093
1516	16095
1525	16097
1512	16100
1437	16102
1395	16105
1419	16107
1483	16110
1510	16112
1525	16115
1530	16117
1510	16120
1435	16122
1400	16124
1432	16128
1478	16130
