1535	2
1470	4
1448	7
1475	9
1514	11
1535	13
1547	16
1555	18
1557	20
1504	23
1458	25
1464	27
1504	30
1547	32
1564	34
1575	36
1582	39
1555	41
1497	44
1480	47
1512	49
1566	51
1577	54
1579	56
1580	58
1572	61
1527	63
1478	65
1468	67
1511	70
1541	72
1560	74
1565	77
1552	79
1509	81
1430	84
1394	87
1417	89
1467	91
1483	94
1495	96
1503	98
1502	101
1438	103
1398	105
1416	108
1457	110
1491	112
1507	115
1517	117
1520	120
1486	122
1448	124
1445	128
1498	130
1541	132
1557	135
1571	137
1574	139
1542	142
1484	144
1457	146
1469	149
1514	151
1534	153
1549	156
1551	158
1542	161
1478	163
1434	165
1444	168
1481	171
1516	173
1530	176
1532	178
1522	180
1454	183
1408	185
1391	187
1441	190
1477	192
1495	194
1509	197
1516	199
1476	202
1417	204
1399	206
1428	209
1479	211
1500	214
1512	217
1510	219
1502	221
1444	224
1403	226
1408	228
1454	231
1476	233
1493	235
1501	238
1495	240
1430	243
1393	245
1393	247
1460	250
1506	252
1520	254
1524	258
1524	260
1487	262
1434	265
1414	267
1453	269
1483	272
1493	274
1492	277
1482	279
1446	281
1398	284
1366	286
1387	288
1428	291
1439	293
1442	295
1441	299
1435	301
1370	303
1327	306
1328	308
1380	310
1426	313
1453	315
1464	318
1463	320
1420	322
1371	325
1364	327
1424	329
1468	332
1495	334
1516	336
1527	339
1494	342
1431	344
1405	347
1425	349
1478	351
1504	354
1517	356
1516	359
1504	361
1435	363
1388	366
1393	368
1427	370
1461	373
1474	375
1482	377
1483	380
1438	382
1379	385
1358	388
1403	390
1442	393
1456	395
1469	397
1476	400
1444	402
1384	404
1366	407
1403	409
1465	411
1489	414
1496	416
1497	418
1485	421
1418	423
1382	425
1408	429
1474	431
1502	434
1522	436
1533	438
1542	441
1494	443
1458	445
1447	448
1498	450
1538	452
1558	455
1569	457
1580	459
1547	462
1487	464
1462	466
1493	470
1547	472
1573	475
1591	477
1594	479
1549	482
1483	484
1433	486
1452	489
1503	491
1515	493
1515	496
1507	498
1492	500
1420	503
1371	505
1375	508
1433	510
1475	513
1497	516
1512	518
1519	520
1477	523
1417	525
1402	527
1459	530
1504	532
1537	534
1559	537
1571	539
1547	541
1501	544
1463	546
1481	549
1535	551
1563	553
1580	557
1583	559
1574	561
1514	564
1474	566
1480	568
1510	571
1534	573
1543	575
1543	578
1530	580
1476	583
1411	585
1391	587
1435	590
1472	592
1486	594
1499	598
1502	600
1466	602
1403	605
1371	607
1398	609
1453	612
1478	614
1495	616
1507	619
1505	621
1449	624
1413	626
1434	628
1493	631
1518	633
1543	635
1563	638
1570	641
1512	643
1478	646
1473	648
1521	650
1556	653
1574	655
1581	658
1582	660
1538	662
1475	665
1455	667
1503	669
1538	672
1553	674
1559	676
1556	679
1520	681
1471	684
1439	687
1463	689
1515	691
1529	694
1537	696
1543	699
1540	701
1480	703
1442	706
1447	708
1503	710
1544	713
1563	715
1578	717
1591	720
1556	722
1498	724
1476	728
1533	730
1583	733
1593	735
1595	737
1586	740
1544	742
1476	744
1447	747
1461	749
1511	751
1532	754
1542	756
1543	758
1533	761
1463	763
1419	765
1435	769
1481	771
1526	774
1543	776
1541	778
1530	781
1466	783
1426	785
1413	788
1467	790
1513	792
1535	795
1544	797
1547	799
1508	802
1444	804
1423	807
1458	809
1514	812
1528	815
1528	817
1521	819
1506	822
1435	824
1396	826
1409	829
1459	831
1477	833
1494	836
1509	838
1512	840
1451	843
1405	845
1403	848
1457	850
1497	852
1516	856
1528	858
1530	860
1491	863
1436	865
1416	867
1461	870
1500	872
1527	874
1550	877
1561	879
1533	882
1478	884
1426	886
1438	889
1487	891
1512	893
1521	897
1520	899
1502	901
1431	904
1384	906
1392	908
1429	911
1467	913
1484	915
1480	918
1465	920
1417	923
1355	925
1336	927
1385	930
1432	932
1448	934
1460	937
1465	940
1441	942
1386	945
1364	947
1387	949
1437	952
1458	954
1475	957
1486	959
1488	961
1431	964
1396	966
1410	968
1456	971
1475	973
1487	975
1496	978
1493	980
1428	983
1385	986
1373	988
1427	990
1468	993
1479	995
1482	998
1482	1000
1446	1002
1389	1005
1369	1007
1413	1010
1460	1012
1478	1014
1488	1017
1502	1019
1496	1022
1449	1025
1426	1027
1463	1030
1525	1032
1554	1035
1566	1037
1564	1039
1549	1042
1487	1044
1456	1047
1480	1049
1521	1051
1532	1054
1534	1056
1529	1059
1515	1061
1446	1063
1393	1067
1398	1069
1450	1072
1479	1074
1494	1076
1498	1079
1494	1081
1434	1084
1391	1086
1407	1088
1467	1091
1509	1093
1533	1096
1551	1098
1559	1100
1521	1103
1480	1105
1484	1108
1542	1111
1579	1114
1595	1116
1608	1118
1610	1121
1549	1123
1486	1126
1463	1128
1492	1130
1518	1133
1524	1135
1525	1138
1525	1140
1470	1142
1406	1145
1386	1147
1419	1150
1462	1153
1476	1155
1489	1158
1495	1160
1458	1163
1408	1165
1401	1167
1444	1170
1504	1172
1527	1175
1545	1177
1556	1179
1532	1182
1470	1184
1451	1187
1502	1189
1557	1191
1572	1195
1582	1197
1584	1200
1566	1202
1499	1205
1460	1207
1472	1209
1508	1212
1517	1214
1521	1217
1518	1219
1497	1221
1422	1224
1380	1226
1398	1229
1458	1231
1497	1233
1531	1236
1550	1239
1552	1242
1485	1244
1441	1246
1451	1249
1504	1251
1538	1254
1554	1256
1563	1258
1569	1261
1525	1263
1486	1266
1491	1268
1547	1270
1583	1273
1592	1275
1592	1278
1585	1281
1537	1283
1476	1286
1454	1288
1494	1291
1524	1293
1532	1296
1538	1298
1536	1300
1476	1303
1428	1305
1400	1308
1441	1310
1485	1312
1505	1315
1513	1317
1514	1320
1476	1323
1420	1325
1400	1328
1437	1330
1494	1333
1509	1335
1512	1337
1513	1340
1483	1342
1419	1345
1384	1347
1406	1349
1455	1352
1476	1354
1489	1357
1503	1359
1489	1361
1421	1364
1381	1367
1408	1370
1451	1372
1486	1374
1507	1377
1517	1379
1514	1382
1457	1384
1429	1387
1455	1389
1514	1391
1534	1394
1546	1396
1554	1399
1559	1401
1506	1403
1458	1406
1460	1409
1501	1412
1513	1414
1513	1416
1512	1419
1509	1421
1450	1424
1398	1426
1393	1428
1442	1431
1477	1433
1494	1436
1501	1438
1505	1440
1459	1443
1405	1445
1399	1448
1460	1451
1512	1453
1541	1456
1564	1458
1573	1461
1544	1463
1487	1465
1460	1468
1501	1470
1544	1473
1563	1475
1575	1478
1570	1480
1514	1482
1460	1485
1418	1487
1453	1490
1505	1492
1515	1495
1508	1498
1497	1500
1447	1503
1376	1505
1349	1507
1373	1510
1427	1512
1452	1515
1470	1517
1479	1519
1464	1522
1409	1524
1390	1527
1416	1529
1477	1531
1516	1534
1546	1537
1561	1540
1548	1542
1479	1544
1444	1547
1471	1549
1513	1552
1533	1554
1536	1557
1535	1559
1518	1561
1447	1564
1398	1566
1398	1569
1432	1571
1444	1573
1440	1576
1433	1579
1426	1582
1363	1584
1314	1586
1318	1589
1368	1591
1406	1594
1424	1596
1444	1598
1456	1601
1415	1603
1378	1606
1386	1608
1449	1610
1499	1613
1539	1615
1568	1618
1585	1620
1535	1623
1466	1626
1438	1628
1482	1631
1523	1633
1539	1635
1551	1638
1555	1640
1527	1643
1462	1645
1426	1648
1451	1650
1484	1652
1490	1655
1490	1657
1484	1660
1460	1662
1394	1665
1369	1668
1408	1670
1463	1673
1483	1675
1500	1677
1516	1680
1503	1682
1460	1685
1431	1687
1459	1689
1522	1692
1557	1694
1579	1697
1581	1699
1562	1701
1496	1704
1466	1707
1476	1710
1527	1712
1551	1714
1559	1717
1565	1719
1556	1722
1489	1724
1444	1726
1450	1729
1504	1731
1536	1734
1545	1736
1542	1738
1533	1741
1472	1743
1429	1746
1434	1748
1471	1752
1510	1754
1531	1756
1538	1759
1533	1761
1467	1764
1409	1766
1400	1768
1442	1771
1466	1773
1479	1776
1488	1778
1486	1780
1435	1783
1375	1785
1357	1788
1406	1790
1451	1793
1469	1796
1484	1798
1492	1801
1462	1803
1408	1805
1391	1808
1442	1810
1498	1813
1535	1815
1557	1817
1573	1820
1559	1822
1502	1825
1475	1827
1517	1829
1579	1832
1610	1835
1633	1838
1641	1840
1625	1842
1552	1845
1510	1847
1528	1850
1582	1852
1598	1855
1592	1857
1573	1859
1532	1862
1470	1864
1413	1867
1417	1869
1458	1871
1467	1874
1464	1876
1462	1880
1452	1882
1408	1884
1369	1887
1379	1889
1438	1892
1485	1894
1514	1896
1529	1899
1526	1901
1468	1904
1437	1906
1436	1908
1493	1911
1539	1913
1565	1916
1590	1918
1602	1921
1550	1924
1502	1926
1505	1929
1542	1931
1580	1933
1593	1936
1601	1938
1605	1941
1560	1943
1506	1946
1491	1948
1532	1950
1559	1953
1571	1955
1581	1958
1582	1960
1533	1963
1455	1966
1425	1968
1460	1971
1492	1973
1500	1975
1509	1978
1513	1980
1490	1983
1430	1985
1406	1987
1455	1990
1516	1992
1533	1995
1537	1997
1535	1999
1519	2002
1457	2004
1422	2008
1443	2010
1494	2012
1512	2015
1525	2017
1527	2020
1521	2022
1464	2024
1431	2027
1450	2029
1501	2032
1523	2034
1535	2037
1541	2039
1536	2041
1463	2044
1404	2046
1398	2050
1441	2052
1463	2054
1465	2057
1456	2059
1437	2062
1384	2064
1330	2066
1324	2069
1376	2071
1406	2074
1416	2076
1415	2078
1407	2081
1345	2083
1304	2086
1294	2088
1353	2091
1408	2094
1439	2096
1463	2099
1477	2101
1438	2103
1389	2106
1371	2108
1412	2111
1469	2113
1509	2116
1541	2118
1547	2120
1498	2123
1429	2125
1399	2128
1442	2130
1478	2132
1493	2136
1497	2138
1492	2141
1461	2143
1399	2145
1373	2148
1405	2150
1437	2153
1445	2155
1446	2157
1442	2160
1417	2162
1347	2165
1316	2167
1347	2169
1400	2172
1420	2174
1444	2178
1458	2180
1450	2182
1385	2185
1348	2187
1368	2190
1425	2192
1457	2194
1475	2197
1480	2199
1474	2202
1404	2204
1360	2207
1383	2209
1445	2211
1463	2214
1470	2216
1480	2220
1485	2222
1438	2224
1392	2227
1393	2229
1449	2232
1490	2234
1514	2236
1528	2239
1527	2241
1484	2244
1435	2246
1426	2248
1476	2251
1516	2253
1530	2256
1533	2258
1532	2260
1475	2264
1428	2266
1405	2269
1452	2271
1488	2273
1490	2276
1499	2278
1504	2281
1451	2283
1381	2286
1357	2288
1386	2290
1433	2293
1459	2295
1477	2298
1479	2300
1444	2302
1385	2306
1361	2308
1391	2311
1451	2313
1489	2315
1520	2318
1532	2320
1512	2323
1451	2325
1428	2327
1469	2330
1518	2332
1559	2335
1583	2337
1597	2339
1593	2342
1531	2344
1491	2348
1503	2350
1546	2352
1558	2355
1562	2357
1566	2360
1558	2362
1485	2365
1426	2367
1422	2369
1458	2372
1471	2374
1475	2377
1479	2379
1478	2381
1415	2384
1362	2386
1367	2390
1428	2392
1472	2394
1496	2397
1506	2399
1510	2402
1461	2404
1415	2406
1415	2409
1472	2411
1517	2414
1538	2416
1551	2418
1561	2421
1534	2423
1489	2426
1477	2428
1525	2430
1559	2434
1566	2436
1561	2439
1554	2441
1505	2444
1459	2446
1432	2448
1470	2451
1516	2453
1522	2456
1519	2458
1508	2460
1463	2463
1402	2465
1380	2468
1397	2470
1437	2472
1448	2476
1459	2478
1469	2481
1447	2483
1382	2485
1352	2488
1376	2490
1435	2493
1471	2495
1498	2497
1510	2500
1499	2502
1438	2505
1406	2507
1439	2509
1501	2512
1522	2514
1534	2518
1537	2520
1531	2522
1472	2525
1436	2527
1456	2530
1511	2532
1539	2535
1546	2537
1548	2539
1540	2542
1470	2544
1409	2547
1409	2549
1460	2551
1494	2554
1512	2556
1522	2560
1530	2562
1484	2564
1434	2567
1430	2569
1484	2572
1522	2574
1538	2576
1545	2579
1550	2581
1508	2584
1449	2586
1430	2588
1477	2591
1515	2593
1530	2596
1548	2598
1560	2600
1531	2604
1466	2606
1434	2609
1462	2611
1497	2613
1509	2616
1513	2618
1515	2621
1480	2623
1437	2625
1407	2628
1436	2630
1485	2633
1499	2635
1507	2638
1512	2640
1491	2642
1432	2646
1407	2648
1421	2651
1466	2653
1485	2655
1495	2658
1492	2660
1467	2663
1399	2665
1365	2667
1381	2670
1435	2672
1477	2675
1503	2677
1509	2679
1494	2682
1433	2684
1402	2688
1426	2690
1471	2692
1511	2695
1533	2697
1549	2700
1555	2702
1502	2704
1461	2707
1475	2709
1539	2712
1576	2714
1605	2716
1619	2719
1621	2721
1567	2724
1515	2726
1514	2729
1567	2732
1597	2734
1602	2737
1602	2739
1592	2742
1530	2744
1463	2746
1443	2749
1486	2751
1519	2754
1524	2756
1524	2758
1516	2761
1466	2763
1391	2766
1356	2768
1391	2770
1427	2774
1440	2776
1453	2779
1456	2781
1427	2783
1353	2786
1317	2788
1355	2791
1418	2793
1450	2795
1469	2798
1482	2800
1483	2803
1447	2805
1434	2807
1464	2810
1518	2812
1549	2816
1576	2818
1589	2821
1571	2823
1523	2825
1481	2828
1498	2830
1555	2833
1588	2835
1606	2837
1612	2840
1602	2842
1540	2845
1510	2847
1510	2849
1542	2852
1552	2854
1557	2857
1563	2860
1560	2862
1499	2865
1449	2867
1432	2870
1460	2872
1482	2874
1491	2877
1504	2879
1508	2882
1449	2884
1396	2886
1382	2889
1401	2891
1430	2894
1443	2896
1453	2898
1461	2902
1430	2904
1393	2907
1400	2909
1476	2911
1527	2914
1559	2916
1579	2919
1589	2921
1551	2924
1488	2926
1465	2928
1511	2931
1558	2933
1572	2936
1585	2938
1585	2940
1552	2944
1482	2946
1448	2949
1481	2951
1525	2953
1543	2956
1563	2958
1568	2961
1546	2963
1461	2965
1405	2968
1403	2970
1431	2973
1432	2975
1432	2977
1423	2980
1400	2982
1320	2985
1271	2988
1285	2990
1339	2993
1370	2995
1394	2998
1410	3000
1402	3003
1357	3005
1322	3007
1343	3010
1411	3012
1458	3015
1493	3017
1520	3019
1533	3022
1480	3024
1451	3027
1460	3030
1518	3032
1558	3035
1580	3037
1583	3040
1577	3042
1511	3044
1456	3047
1447	3049
1497	3052
1532	3054
1536	3056
1532	3059
1520	3061
1453	3064
1385	3066
1359	3069
1394	3072
1417	3074
1428	3077
1434	3079
1433	3082
1390	3084
1339	3086
1322	3089
1366	3091
1409	3094
1427	3096
1450	3098
1458	3101
1432	3103
1376	3106
1361	3108
1415	3110
1476	3113
1502	3116
1514	3119
1516	3121
1495	3123
1435	3126
1408	3128
1444	3131
1498	3133
1518	3135
1536	3138
1542	3140
1533	3143
1463	3145
1422	3148
1439	3150
1488	3152
1510	3155
1527	3158
1537	3161
1521	3163
1471	3165
1428	3168
1437	3170
1489	3173
1521	3175
1542	3177
1555	3180
1550	3182
1485	3185
1447	3187
1440	3189
1490	3192
1524	3194
1541	3197
1555	3200
1567	3202
1520	3205
1481	3207
1480	3210
1530	3212
1562	3214
1575	3217
1584	3219
1590	3222
1546	3224
1500	3227
1492	3229
1524	3231
1564	3234
1579	3236
1587	3239
1590	3241
1544	3244
1480	3247
1455	3249
1504	3252
1540	3254
1547	3256
1539	3259
1523	3261
1474	3264
1404	3266
1370	3268
1403	3271
1443	3273
1454	3276
1462	3278
1465	3280
1441	3283
1374	3286
1341	3289
1370	3291
1423	3293
1448	3296
1465	3298
1474	3301
1465	3303
1411	3305
1388	3308
1416	3310
1468	3313
1493	3315
1509	3318
1513	3320
1511	3322
1452	3325
1413	3328
1439	3331
1514	3333
1559	3335
1575	3338
1577	3340
1572	3343
1514	3345
1469	3347
1465	3350
1511	3352
1548	3355
1574	3357
1579	3359
1558	3362
1495	3364
1424	3367
1403	3369
1446	3372
1480	3375
1501	3377
1511	3380
1499	3382
1412	3384
1352	3387
1324	3389
1371	3392
1407	3394
1411	3396
1415	3399
1425	3401
1388	3404
1342	3406
1335	3409
1373	3411
1417	3414
1436	3417
1459	3419
1479	3422
1452	3424
1398	3426
1382	3429
1440	3431
1490	3434
1520	3436
1541	3438
1553	3441
1538	3443
1491	3446
1476	3448
1514	3450
1563	3453
1581	3456
1595	3459
1588	3461
1563	3463
1506	3466
1481	3468
1494	3471
1519	3473
1511	3475
1502	3478
1489	3480
1473	3483
1405	3485
1357	3488
1364	3490
1415	3492
1446	3495
1461	3497
1462	3501
1459	3503
1403	3505
1361	3508
1368	3510
1423	3513
1465	3515
1497	3517
1525	3520
1539	3522
1503	3525
1470	3527
1480	3529
1547	3532
1592	3534
1609	3537
1616	3539
1621	3542
1584	3545
1531	3547
1512	3550
1558	3552
1593	3554
1597	3557
1594	3559
1575	3562
1500	3564
1424	3567
1398	3569
1436	3571
1478	3574
1496	3576
1515	3579
1522	3581
1471	3584
1402	3587
1385	3589
1429	3592
1481	3594
1492	3596
1500	3599
1507	3601
1488	3604
1433	3606
1407	3608
1440	3611
1483	3613
1512	3616
1521	3618
1518	3620
1498	3623
1430	3625
1391	3629
1411	3631
1461	3633
1476	3636
1485	3638
1490	3641
1487	3643
1434	3646
1401	3648
1421	3650
1480	3653
1517	3655
1540	3658
1562	3660
1572	3662
1529	3665
1495	3667
1501	3671
1551	3673
1588	3675
1611	3678
1620	3680
1618	3683
1554	3685
1499	3687
1496	3690
1543	3692
1566	3695
1567	3697
1563	3699
1552	3702
1505	3704
1445	3707
1421	3709
1460	3712
1498	3715
1510	3717
1512	3720
1507	3722
1455	3725
1414	3727
1383	3729
1420	3732
1469	3734
1482	3737
1484	3739
1483	3741
1443	3744
1393	3746
1380	3749
1426	3751
1487	3753
1510	3757
1524	3759
1535	3762
1512	3764
1459	3766
1445	3769
1481	3771
1541	3774
1569	3776
1587	3778
1584	3781
1549	3783
1475	3786
1441	3788
1476	3790
1531	3793
1546	3795
1554	3799
1546	3801
1528	3804
1469	3806
1438	3808
1449	3811
1491	3813
1505	3816
1512	3818
1523	3820
1533	3823
1485	3825
1446	3828
1445	3830
1486	3832
1517	3835
1541	3837
1555	3841
1559	3843
1505	3845
1455	3848
1456	3850
1505	3853
1543	3855
1574	3857
1588	3860
1583	3862
1523	3865
1458	3867
1439	3870
1479	3872
1509	3874
1524	3877
1529	3879
1522	3883
1485	3885
1434	3887
1412	3890
1445	3892
1482	3895
1496	3897
1500	3899
1494	3902
1450	3904
1410	3907
1390	3909
1447	3911
1517	3914
1540	3916
1544	3919
1547	3921
1517	3923
1459	3927
1434	3929
1462	3932
1512	3934
1532	3936
1547	3939
1551	3941
1519	3944
1449	3946
1417	3949
1448	3951
1482	3953
1504	3956
1518	3958
1516	3961
1495	3963
1427	3965
1396	3969
1425	3971
1486	3974
1512	3976
1534	3978
1540	3981
1533	3983
1467	3986
1421	3988
1434	3990
1483	3993
1508	3995
1530	3998
1545	4000
1559	4002
1505	4005
1455	4007
1447	4011
1482	4013
1505	4015
1511	4018
1509	4020
1502	4023
1439	4025
1376	4028
1363	4030
1404	4032
1434	4035
1456	4037
1475	4040
1479	4042
1434	4044
1374	4047
1358	4049
1415	4052
1475	4055
1511	4057
1529	4060
1537	4062
1494	4065
1459	4067
1457	4069
1525	4072
1575	4074
1577	4077
1579	4079
1575	4081
1529	4084
1463	4086
1441	4089
1471	4091
1518	4093
1528	4097
1540	4099
1552	4102
1526	4104
1446	4106
1394	4109
1400	4111
1432	4114
1439	4116
1449	4119
1465	4121
1450	4123
1367	4126
1320	4128
1345	4131
1389	4133
1419	4135
1433	4139
1445	4141
1445	4144
1387	4146
1357	4148
1383	4151
1443	4153
1468	4156
1484	4158
1495	4160
1504	4163
1458	4165
1419	4168
1427	4170
1479	4172
1516	4175
1535	4177
1551	4180
1557	4183
1501	4185
1445	4188
1436	4190
1484	4193
1520	4195
1534	4197
1534	4200
1521	4202
1454	4205
1375	4207
1346	4210
1391	4212
1437	4214
1462	4217
1470	4219
1472	4222
1442	4225
1387	4227
1363	4230
1408	4232
1455	4235
1474	4237
1491	4239
1500	4242
1479	4244
1409	4247
1375	4249
1405	4251
1455	4254
1477	4256
1497	4259
1511	4261
1488	4263
1442	4267
1409	4269
1435	4272
1495	4274
1514	4276
1524	4279
1533	4281
1519	4284
1458	4286
1437	4288
1454	4291
1503	4293
1519	4296
1525	4298
1521	4301
1498	4303
1421	4305
1379	4308
1405	4311
1448	4314
1472	4316
1474	4318
1476	4321
1471	4323
1406	4326
1363	4328
1375	4330
1412	4333
1447	4335
1457	4338
1467	4340
1482	4342
1439	4345
1397	4347
1404	4350
1463	4353
1508	4355
1526	4358
1539	4360
1543	4363
1495	4365
1445	4367
1445	4370
1514	4372
1567	4375
1585	4377
1588	4380
1588	4382
1553	4384
1494	4387
1464	4389
1501	4392
1541	4395
1563	4397
1583	4400
1587	4402
1550	4405
1478	4407
1451	4409
1497	4412
1555	4414
1581	4417
1604	4419
1615	4421
1601	4424
1537	4426
1504	4429
1529	4431
1582	4433
1605	4436
1623	4439
1629	4442
1602	4444
1546	4446
1500	4449
1520	4451
1581	4454
1611	4456
1627	4459
1627	4461
1606	4463
1530	4466
1477	4468
1478	4471
1522	4473
1549	4475
1554	4478
1548	4481
1536	4484
1471	4486
1427	4488
1443	4491
1486	4493
1529	4496
1555	4498
1574	4500
1574	4503
1500	4505
1434	4508
1428	4510
1479	4512
1511	4515
1536	4517
1551	4520
1554	4523
1502	4525
1450	4528
1444	4530
1495	4533
1530	4535
1544	4537
1559	4540
1555	4542
1500	4545
1434	4547
1415	4550
1466	4552
1514	4554
1539	4557
1554	4559
1566	4562
1537	4564
1472	4567
1444	4570
1481	4572
1530	4575
1547	4577
1559	4579
1565	4582
1552	4584
1489	4587
1453	4589
1474	4591
1519	4594
1530	4596
1537	4599
1532	4601
1500	4603
1445	4606
1398	4609
1409	4612
1451	4614
1464	4617
1470	4619
1477	4621
1461	4624
1388	4626
1354	4629
1363	4631
1419	4633
1454	4636
1470	4638
1482	4641
1486	4643
1433	4645
1400	4648
1411	4651
1472	4654
1521	4656
1549	4658
1568	4661
1575	4663
1521	4666
1480	4668
1494	4670
1554	4673
1584	4675
1598	4678
1600	4680
1591	4682
1532	4685
1475	4687
1456	4690
1488	4692
1501	4696
1498	4698
1493	4700
1483	4703
1435	4705
1378	4708
1359	4710
1403	4712
1438	4715
1448	4717
1455	4720
1460	4722
1436	4724
1387	4727
1369	4729
1415	4732
1468	4734
1495	4737
1513	4740
1523	4742
1517	4745
1461	4747
1431	4749
1472	4752
1536	4754
1564	4757
1581	4759
1588	4762
1557	4764
1503	4766
1464	4769
1486	4771
1533	4774
1541	4776
1545	4779
1547	4782
1528	4784
1462	4787
1434	4789
1441	4791
1489	4794
1504	4796
1511	4799
1518	4801
1518	4803
1458	4806
1415	4808
1416	4811
1467	4813
1502	4815
1519	4818
1525	4820
1532	4824
1479	4826
1428	4829
1426	4831
1461	4833
1503	4836
1523	4838
1531	4841
1525	4843
1462	4845
1396	4848
1385	4850
1443	4853
1493	4855
1509	4857
1516	4860
1515	4862
1466	4866
1412	4868
1394	4870
1442	4873
1484	4875
1500	4878
1516	4880
1516	4882
1471	4885
1403	4887
1378	4890
1426	4892
1476	4894
1496	4897
1506	4899
1508	4902
1484	4904
1416	4907
1380	4910
1411	4912
1466	4915
1489	4917
1500	4920
1495	4922
1475	4924
1404	4927
1365	4929
1388	4932
1441	4934
1463	4936
1476	4939
1482	4941
1465	4944
1417	4946
1376	4948
1394	4952
1448	4954
1473	4957
1488	4959
1495	4961
1481	4964
1414	4966
1387	4969
1408	4971
1469	4973
1501	4976
1513	4978
1518	4981
1510	4983
1447	4986
1403	4988
1413	4990
1449	4994
1483	4996
1496	4999
1502	5001
1493	5003
1426	5006
1374	5008
1378	5011
1432	5013
1463	5015
1481	5018
1493	5020
1501	5023
1464	5025
1421	5027
1418	5030
1476	5032
1522	5036
1537	5038
1548	5040
1548	5043
1507	5045
1448	5048
1433	5050
1485	5052
1533	5055
1556	5057
1578	5060
1586	5062
1556	5065
1485	5067
1451	5069
1480	5072
1517	5074
1529	5078
1538	5080
1538	5082
1517	5085
1445	5087
1408	5090
1429	5092
1478	5094
1491	5097
1492	5099
1487	5102
1465	5104
1418	5106
1378	5109
1384	5111
1434	5114
1466	5116
1489	5120
1498	5122
1490	5124
1432	5127
1405	5129
1423	5132
1479	5134
1518	5136
1546	5139
1573	5141
1587	5144
1537	5146
1496	5148
1506	5151
1543	5153
1575	5156
1589	5158
1601	5160
1604	5164
1543	5166
1489	5169
1484	5171
1530	5173
1550	5176
1548	5178
1536	5181
1515	5183
1441	5185
1378	5188
1364	5190
1412	5193
1442	5195
1453	5197
1466	5200
1469	5202
1419	5206
1353	5208
1330	5211
1375	5213
1420	5215
1451	5218
1473	5220
1487	5223
1460	5225
1404	5227
1391	5230
1452	5232
1531	5235
1577	5237
1597	5239
1591	5242
1567	5244
1501	5248
1464	5250
1488	5252
1536	5255
1552	5257
1561	5260
1560	5262
1547	5264
1474	5267
1425	5269
1439	5272
1499	5274
1533	5276
1556	5279
1567	5281
1559	5284
1515	5286
1475	5289
1479	5292
1523	5294
1547	5297
1559	5299
1570	5302
1574	5304
1518	5306
1482	5309
1488	5311
1535	5314
1561	5316
1567	5318
1569	5321
1564	5323
1505	5326
1460	5328
1452	5330
1501	5334
1537	5336
1545	5339
1548	5341
1549	5343
1500	5346
1453	5348
1451	5351
1502	5353
1530	5355
1547	5358
1567	5360
1585	5363
1557	5365
1511	5368
1488	5370
1526	5372
1560	5376
1567	5378
1573	5381
1568	5383
1535	5385
1472	5388
1432	5390
1451	5393
1479	5395
1486	5397
1490	5400
1491	5402
1470	5405
1406	5407
1374	5409
1405	5412
1464	5414
1497	5417
1519	5420
1534	5422
1533	5425
1490	5427
1477	5430
1514	5432
1573	5434
1600	5437
1618	5439
1625	5442
1611	5444
1569	5447
1534	5449
1543	5451
1582	5454
1602	5456
1609	5459
1606	5462
1588	5464
1520	5467
1477	5469
1456	5472
1490	5474
1515	5476
1526	5479
1530	5481
1523	5484
1451	5486
1392	5488
1379	5491
1420	5493
1454	5496
1470	5498
1486	5500
1497	5504
1451	5506
1403	5509
1400	5511
1439	5513
1487	5516
1503	5518
1519	5521
1525	5523
1477	5526
1418	5528
1402	5530
1447	5533
1484	5535
1497	5538
1502	5540
1498	5542
1461	5545
1406	5548
1389	5551
1432	5553
1468	5555
1476	5558
1481	5560
1487	5563
1467	5565
1401	5567
1368	5570
1401	5572
1456	5575
1479	5577
1492	5579
1495	5582
1486	5584
1424	5587
1388	5590
1410	5592
1462	5595
1487	5597
1509	5600
1523	5602
1521	5605
1459	5607
1416	5609
1421	5612
1455	5614
1470	5617
1483	5619
1492	5621
1480	5624
1428	5626
1378	5629
1383	5632
1438	5634
1480	5637
1499	5639
1499	5642
1490	5644
1432	5646
1400	5649
1395	5651
1443	5654
1477	5656
1492	5658
1501	5661
1504	5663
1452	5666
1408	5668
1407	5670
1478	5673
1544	5676
1565	5679
1571	5681
1571	5684
1527	5686
1477	5688
1465	5691
1516	5693
1551	5696
1574	5698
1599	5700
1612	5703
1578	5705
1519	5708
1488	5710
1517	5712
1551	5715
1560	5718
1566	5721
1558	5723
1520	5725
1453	5728
1427	5730
1470	5733
1526	5735
1550	5737
1562	5740
1569	5742
1561	5745
1507	5747
1489	5749
1534	5752
1597	5754
1615	5757
1630	5760
1636	5763
1621	5765
1550	5767
1506	5770
1517	5772
1564	5775
1581	5777
1586	5779
1585	5782
1580	5784
1523	5787
1477	5789
1482	5791
1530	5794
1562	5796
1583	5799
1597	5801
1600	5804
1547	5807
1510	5809
1504	5812
1559	5814
1602	5816
1626	5819
1650	5821
1665	5824
1610	5826
1546	5828
1526	5831
1562	5833
1588	5836
1590	5838
1587	5841
1579	5843
1520	5846
1459	5849
1438	5851
1463	5854
1492	5856
1497	5858
1498	5861
1484	5863
1424	5866
1349	5868
1318	5870
1368	5873
1413	5875
1441	5878
1446	5880
1436	5882
1400	5885
1333	5888
1303	5891
1341	5893
1389	5895
1410	5898
1421	5900
1427	5903
1409	5905
1344	5908
1311	5910
1343	5912
1400	5915
1426	5917
1441	5920
1445	5922
1437	5924
1377	5927
1347	5929
1377	5933
1439	5935
1469	5937
1488	5940
1492	5942
1485	5945
1420	5947
1381	5949
1403	5952
1461	5954
1491	5957
1500	5959
1491	5961
1471	5964
1414	5966
1356	5969
1351	5971
1400	5974
1432	5977
1442	5979
1437	5982
1422	5984
1353	5987
1301	5989
1290	5991
1337	5994
1380	5996
1403	5999
1412	6001
1414	6003
1367	6006
1327	6008
1335	6011
1382	6013
1443	6016
1470	6019
1486	6021
1492	6024
1448	6026
1388	6028
1374	6031
1425	6033
1462	6036
1469	6038
1473	6040
1479	6043
1456	6045
1400	6048
1368	6050
1393	6053
1431	6055
1443	6057
1456	6061
1461	6063
1446	6066
1387	6068
1357	6070
1390	6073
1450	6075
1480	6078
1499	6080
1501	6082
1489	6085
1425	6087
1391	6090
1418	6092
1480	6094
1514	6097
1542	6099
1558	6103
1550	6105
1489	6107
1451	6110
1466	6112
1515	6115
1541	6117
1553	6119
1558	6122
1552	6124
1506	6127
1458	6129
1455	6132
1497	6134
1525	6136
1538	6139
1545	6141
1537	6145
1468	6147
1423	6149
1405	6152
1446	6154
1480	6157
1493	6159
1498	6161
1497	6164
1445	6166
1396	6169
1396	6171
1434	6173
1476	6176
1488	6178
1497	6181
1501	6183
1460	6185
1408	6189
1391	6191
1439	6194
1475	6196
1494	6199
1511	6201
1518	6203
1478	6206
1409	6208
1378	6211
1412	6213
1452	6215
1464	6218
1477	6220
1481	6223
1460	6225
1404	6227
1379	6231
1418	6233
1488	6236
1524	6238
1535	6240
1534	6243
1526	6245
1469	6248
1438	6250
1462	6252
1518	6255
1545	6257
1559	6260
1561	6262
1552	6265
1489	6267
1446	6269
1463	6273
1523	6275
1552	6278
1558	6280
1560	6282
1548	6285
1501	6287
1455	6290
1457	6292
1510	6294
1549	6297
1567	6299
1573	6302
1563	6304
1488	6306
1440	6309
1422	6311
1467	6315
1509	6317
1529	6319
1538	6322
1540	6324
1489	6327
1445	6329
1448	6332
1483	6334
1519	6336
1529	6339
1532	6341
1530	6344
1484	6346
1438	6348
1430	6351
1473	6353
1496	6356
1503	6359
1510	6361
1521	6364
1506	6366
1470	6369
1455	6371
1497	6373
1542	6376
1565	6378
1582	6381
1595	6383
1576	6385
1519	6388
1496	6390
1538	6393
1583	6395
1592	6398
1593	6401
1593	6403
1572	6406
1499	6408
1446	6411
1450	6413
1484	6415
1490	6418
1483	6420
1467	6423
1450	6425
1379	6427
1330	6430
1337	6432
1380	6435
1399	6437
1412	6439
1415	6443
1412	6445
1355	6448
1313	6450
1323	6452
1376	6455
1412	6457
1444	6460
1475	6462
1492	6464
1457	6467
1415	6469
1414	6472
1471	6474
1520	6476
1549	6479
1560	6481
1558	6484
1498	6487
1458	6489
1436	6492
1476	6494
1507	6497
1516	6499
1515	6501
1503	6504
1444	6506
1377	6509
1346	6511
1368	6514
1396	6516
1399	6518
1398	6521
1387	6523
1336	6526
1278	6529
1255	6531
1285	6534
1338	6536
1365	6539
1386	6541
1399	6543
1383	6546
1336	6548
1327	6551
1380	6553
1427	6555
1460	6558
1487	6560
1504	6563
1494	6565
1430	6567
1392	6571
1423	6573
1480	6576
1496	6578
1502	6580
1503	6583
1494	6585
1427	6588
1386	6590
1406	6592
1460	6595
1478	6597
1484	6600
1485	6602
1477	6604
1413	6607
1370	6609
1387	6612
1451	6615
1490	6618
1507	6620
1514	6622
1514	6625
1459	6627
1408	6630
1407	6632
1463	6634
1502	6637
1518	6639
1524	6642
1519	6644
1472	6646
1406	6649
1386	6651
1440	6654
1485	6657
1503	6659
1510	6662
1506	6664
1449	6667
1402	6669
1380	6671
1434	6674
1491	6676
1515	6679
1524	6681
1534	6683
1502	6686
1451	6688
1434	6691
1474	6693
1534	6696
1563	6699
1584	6701
1595	6704
1557	6706
1485	6709
1453	6711
1477	6713
1527	6716
1545	6718
1553	6721
1549	6723
1525	6725
1455	6728
1410	6730
1418	6733
1444	6735
1460	6737
1464	6740
1457	6743
1434	6746
1366	6748
1334	6750
1359	6753
1413	6755
1438	6758
1463	6760
1482	6762
1493	6765
1448	6767
1419	6770
1443	6772
1509	6774
1552	6777
1572	6779
1593	6782
1607	6785
1560	6788
1510	6790
1513	6792
1565	6795
1596	6797
1609	6800
1611	6802
1607	6804
1555	6807
1490	6809
1455	6812
1480	6814
1508	6816
1518	6819
1515	6821
1507	6824
1457	6827
1383	6829
1348	6832
1381	6834
1411	6837
1412	6839
1413	6841
1413	6844
1372	6846
1332	6849
1313	6851
1360	6853
1422	6856
1453	6858
1476	6861
1499	6863
1488	6866
1444	6868
1427	6871
1458	6874
1513	6876
1536	6879
1553	6881
1569	6883
1560	6886
1501	6888
1469	6891
1502	6893
1548	6895
1581	6898
1592	6900
1584	6903
1557	6905
1479	6907
1437	6910
1456	6913
1499	6916
1509	6918
1512	6921
1503	6923
1484	6925
1415	6928
1367	6930
1369	6933
1412	6935
1434	6937
1442	6940
1447	6942
1448	6945
1393	6947
1343	6949
1344	6952
1399	6955
1438	6958
1461	6960
1475	6962
1491	6965
1459	6967
1419	6970
1418	6972
1475	6974
1515	6977
1529	6979
1534	6982
1535	6984
1494	6986
1433	6989
1409	6991
1453	6994
1491	6996
1505	7000
1521	7002
1534	7004
1489	7007
1441	7009
1403	7012
1426	7014
1465	7016
1485	7019
1500	7021
1504	7024
1467	7026
1404	7028
1381	7031
1413	7033
1472	7036
1496	7038
1509	7041
1520	7044
1503	7046
1444	7049
1417	7051
1453	7053
1495	7056
1522	7058
1530	7061
1530	7063
1512	7066
1446	7068
1408	7070
1431	7073
1496	7075
1523	7078
1541	7080
1548	7083
1545	7086
1482	7088
1434	7091
1447	7093
1510	7095
1544	7098
1550	7100
1544	7103
1530	7105
1468	7107
1417	7110
1415	7112
1458	7115
1476	7117
1470	7119
1457	7122
1449	7124
1394	7128
1344	7130
1334	7133
1376	7135
1408	7137
1428	7140
1447	7142
1456	7145
1422	7147
1376	7149
1370	7152
1426	7154
1477	7157
1504	7159
1525	7161
1539	7164
1500	7166
1462	7170
1440	7172
1478	7174
1522	7177
1539	7179
1544	7182
1538	7184
1493	7186
1427	7189
1397	7191
1422	7194
1469	7196
1479	7199
1480	7201
1476	7203
1450	7206
1384	7208
1352	7212
1384	7214
1423	7216
1456	7219
1478	7221
1490	7224
1478	7226
1417	7228
1393	7231
1431	7233
1498	7236
1526	7238
1552	7240
1569	7243
1573	7245
1524	7248
1497	7250
1523	7252
1583	7256
1613	7258
1629	7261
1637	7263
1630	7266
1577	7268
1533	7270
1537	7273
1588	7275
1624	7278
1644	7280
1651	7282
1643	7285
1574	7287
1509	7290
1486	7292
1517	7294
1533	7298
1533	7300
1526	7303
1512	7305
1464	7307
1403	7310
1379	7312
1421	7315
1462	7317
1482	7319
1496	7322
1502	7324
1466	7327
1436	7329
1422	7331
1457	7334
1492	7336
1506	7340
1519	7342
1527	7345
1495	7347
1442	7349
1420	7352
1450	7354
1496	7357
1517	7359
1532	7361
1533	7364
1497	7366
1428	7369
1397	7371
1434	7373
1475	7376
1505	7378
1528	7382
1541	7384
1528	7386
1473	7389
1455	7391
1494	7394
1545	7396
1558	7398
1569	7401
1571	7403
1557	7406
1490	7408
1448	7411
1459	7413
1500	7415
1512	7418
1515	7420
1515	7424
1504	7426
1439	7428
1400	7431
1419	7433
1475	7436
1506	7438
1519	7440
1526	7443
1529	7445
1484	7448
1446	7450
1454	7452
1515	7455
1562	7457
1590	7460
1605	7462
1612	7464
1581	7468
1543	7470
1535	7473
1585	7475
1621	7478
1632	7480
1642	7482
1646	7485
1590	7487
1544	7490
1519	7492
1562	7494
1597	7497
1602	7499
1601	7502
1597	7504
1553	7506
1492	7510
1463	7512
1484	7515
1514	7517
1515	7519
1512	7522
1502	7524
1456	7527
1392	7529
1365	7531
1395	7534
1427	7536
1445	7539
1461	7541
1469	7544
1450	7546
1392	7548
1367	7552
1407	7554
1473	7557
1502	7559
1526	7561
1532	7564
1518	7566
1453	7569
1416	7571
1432	7573
1482	7576
1505	7578
1512	7581
1514	7583
1512	7585
1451	7588
1401	7590
1407	7593
1459	7596
1489	7598
1505	7601
1511	7603
1508	7606
1455	7608
1424	7611
1436	7613
1478	7615
1499	7618
1517	7620
1541	7623
1560	7625
1522	7627
1468	7630
1460	7632
1509	7635
1539	7638
1541	7640
1539	7643
1529	7645
1472	7648
1427	7650
1414	7652
1451	7655
1481	7657
1483	7660
1481	7662
1478	7664
1437	7667
1391	7669
1379	7672
1407	7674
1448	7677
1466	7680
1481	7682
1488	7685
1456	7687
1408	7690
1408	7692
1471	7694
1515	7697
1527	7699
1527	7702
1522	7704
1489	7706
1423	7709
1392	7711
1418	7714
1459	7716
1470	7718
1471	7721
1460	7724
1434	7727
1359	7729
1309	7731
1317	7734
1359	7736
1375	7739
1385	7741
1387	7743
1385	7746
1334	7748
1296	7751
1313	7753
1376	7755
1423	7758
1462	7760
1493	7763
1510	7766
1474	7769
1436	7771
1444	7773
1509	7776
1566	7778
1608	7781
1632	7783
1632	7785
1584	7788
1532	7790
1529	7793
1575	7795
1591	7797
1587	7800
1582	7802
1574	7805
1517	7808
1477	7810
1463	7813
1513	7815
1554	7818
1576	7820
1598	7822
1607	7825
1564	7827
1523	7830
1520	7832
1558	7835
1602	7837
1617	7839
1632	7842
1642	7844
1604	7847
1539	7849
1510	7852
1546	7855
1577	7857
1599	7860
1620	7862
1624	7864
1591	7867
1522	7869
1492	7872
1529	7874
1584	7876
1606	7879
1629	7881
1646	7884
1637	7886
1566	7888
1520	7891
1545	7894
1608	7897
1640	7899
1648	7901
1653	7904
1657	7906
1615	7909
1581	7911
1588	7914
1631	7916
1647	7918
1640	7921
1624	7923
1600	7926
1532	7928
1475	7930
1465	7933
1505	7936
1524	7939
1525	7941
1521	7943
1508	7946
1459	7948
1404	7951
1385	7953
1420	7955
1449	7958
1467	7960
1488	7963
1500	7965
1450	7967
1414	7970
1403	7972
1457	7975
1509	7977
1540	7981
1569	7983
1592	7985
1560	7988
1513	7990
1501	7993
1549	7995
1604	7997
1633	8000
1650	8002
1652	8005
1609	8007
1546	8009
1517	8012
1537	8014
1569	8017
1578	8019
1585	8022
1581	8025
1540	8027
1464	8030
1428	8032
1467	8034
1508	8037
1511	8039
1488	8042
1466	8044
1430	8046
1358	8049
1327	8051
1350	8054
1390	8056
1395	8059
1398	8061
1400	8064
1393	8067
1343	8069
1317	8072
1344	8074
1405	8076
1443	8079
1461	8081
1476	8084
1488	8086
1460	8088
1460	8091
1496	8093
1545	8096
1562	8098
1574	8100
1581	8103
1588	8105
1541	8109
1485	8111
1473	8113
1513	8116
1534	8118
1536	8121
1530	8123
1523	8125
1467	8128
1404	8130
1379	8133
1413	8135
1439	8137
1446	8140
1448	8142
1443	8145
1389	8147
1347	8151
1328	8153
1378	8155
1433	8158
1461	8160
1487	8163
1513	8165
1494	8167
1453	8170
1446	8172
1483	8175
1530	8177
1558	8179
1585	8182
1591	8184
1555	8187
1494	8189
1470	8192
1498	8195
1551	8197
1570	8200
1577	8202
1583	8204
1572	8207
1521	8209
1491	8212
1508	8214
1541	8216
1567	8219
1587	8221
1599	8224
1591	8226
1526	8229
1485	8231
1492	8233
1533	8237
1548	8239
1553	8242
1560	8244
1564	8246
1508	8249
1456	8251
1449	8254
1487	8256
1504	8258
1505	8261
1500	8263
1488	8266
1427	8268
1373	8270
1365	8273
1406	8275
1439	8279
1459	8281
1463	8283
1458	8286
1404	8288
1350	8291
1346	8293
1409	8295
1464	8298
1488	8300
1500	8303
1507	8305
1480	8308
1436	8310
1432	8312
1494	8315
1559	8317
1592	8321
1602	8323
1598	8325
1555	8328
1513	8330
1482	8333
1505	8335
1538	8337
1547	8340
1556	8342
1560	8345
1530	8347
1473	8349
1446	8352
1453	8354
1493	8357
1505	8359
1500	8361
1482	8365
1437	8367
1360	8370
1320	8372
1337	8374
1363	8377
1372	8379
1371	8382
1365	8384
1348	8387
1288	8389
1256	8391
1279	8394
1333	8396
1356	8399
1381	8401
1399	8403
1403	8407
1349	8409
1313	8412
1334	8414
1393	8416
1432	8419
1450	8421
1465	8424
1464	8426
1410	8428
1372	8431
1389	8433
1451	8436
1484	8438
1493	8440
1495	8443
1486	8445
1420	8449
1350	8451
1325	8453
1357	8456
1376	8458
1375	8461
1368	8463
1360	8465
1316	8468
1258	8470
1234	8473
1270	8475
1309	8478
1328	8480
1342	8482
1343	8485
1319	8487
1273	8491
1262	8493
1310	8495
1364	8498
1385	8500
1406	8503
1418	8505
1390	8507
1348	8510
1324	8512
1355	8515
1403	8517
1421	8519
1435	8522
1445	8524
1421	8527
1357	8529
1332	8531
1352	8535
1395	8537
1415	8540
1427	8542
1434	8544
1421	8547
1356	8549
1315	8552
1340	8554
1382	8557
1411	8559
1414	8561
1410	8564
1397	8566
1335	8569
1302	8571
1326	8573
1380	8577
1400	8579
1421	8582
1440	8584
1448	8586
1396	8589
1357	8591
1370	8594
1428	8596
1467	8598
1478	8601
1487	8603
1496	8606
1455	8608
1409	8610
1403	8613
1452	8615
1489	8619
1509	8621
1520	8623
1527	8626
1487	8628
1429	8631
1412	8633
1460	8636
1498	8638
1508	8640
1516	8643
1516	8645
1483	8648
1418	8650
1393	8652
1430	8655
1472	8657
1489	8660
1507	8663
1517	8665
1495	8668
1459	8670
1433	8673
1457	8675
1517	8677
1555	8680
1583	8682
1593	8685
1567	8687
1505	8689
1488	8692
1516	8694
1562	8697
1573	8699
1585	8702
1606	8705
1614	8707
1565	8710
1507	8712
1500	8715
1532	8717
1555	8719
1576	8722
1588	8724
1577	8727
1517	8729
1486	8731
1513	8734
1553	8736
1580	8739
1587	8741
1592	8743
1591	8747
1524	8749
1470	8752
1475	8754
1531	8756
1566	8759
1581	8761
1588	8764
1575	8766
1507	8769
1444	8771
1434	8773
1482	8776
1516	8778
1532	8781
1541	8783
1541	8785
1477	8788
1408	8791
1387	8794
1444	8796
1506	8798
1534	8801
1538	8803
1550	8806
1526	8808
1480	8810
1477	8813
1538	8815
1590	8818
1606	8820
1622	8822
1628	8825
1597	8827
1564	8830
1561	8833
1620	8835
1684	8838
1694	8840
1696	8843
1694	8845
1668	8848
1605	8850
1569	8852
1577	8855
1633	8857
1664	8860
1685	8862
1682	8864
1637	8867
1546	8869
1499	8872
1513	8875
1565	8877
1595	8880
1612	8882
1619	8885
1609	8887
1547	8889
1513	8892
1543	8894
1594	8897
1639	8899
1654	8901
1671	8904
1690	8906
1648	8909
1612	8911
1625	8913
1678	8916
1693	8919
1699	8922
1705	8924
1703	8927
1652	8929
1610	8931
1596	8934
1626	8936
1646	8939
1650	8941
1653	8943
1644	8946
1585	8948
1521	8951
1501	8953
1546	8955
1579	8958
1587	8961
1590	8964
1597	8966
1568	8968
1512	8971
1482	8973
1527	8976
1574	8978
1588	8980
1582	8983
1574	8985
1545	8988
1494	8990
1485	8992
1519	8995
1557	8997
1577	9000
1600	9003
1613	9006
1581	9008
1531	9010
1485	9013
1499	9015
1544	9018
1556	9020
1558	9022
1554	9025
1530	9027
1464	9030
1435	9032
1449	9034
1501	9037
1523	9039
1533	9042
1525	9044
1495	9047
1421	9050
1381	9052
1387	9055
1428	9057
1454	9059
1466	9062
1466	9064
1445	9067
1364	9069
1306	9072
1312	9074
1365	9076
1393	9079
1412	9081
1422	9084
1417	9086
1354	9089
1300	9092
1301	9094
1350	9097
1377	9099
1387	9101
1396	9104
1405	9106
1374	9109
1337	9111
1330	9113
1369	9116
1400	9118
1412	9121
1417	9123
1412	9125
1363	9128
1298	9131
1278	9134
1322	9136
1360	9138
1372	9141
1380	9143
1385	9146
1368	9148
1313	9151
1282	9153
1312	9155
1355	9158
1381	9160
1406	9163
1410	9165
1372	9167
1331	9170
1308	9172
1328	9176
1370	9178
1383	9180
1391	9183
1390	9185
1360	9188
1294	9190
1272	9192
1295	9195
1355	9197
1389	9200
1407	9202
1413	9205
1402	9207
1341	9209
1316	9212
1339	9214
1404	9218
1449	9220
1460	9222
1455	9225
1444	9227
1389	9230
1364	9232
1386	9234
1423	9237
1457	9239
1471	9242
1476	9244
1474	9246
1420	9249
1374	9251
1375	9254
1423	9256
1447	9259
1457	9262
1475	9264
1492	9267
1441	9269
1381	9271
1371	9274
1420	9276
1453	9279
1463	9281
1465	9284
1461	9286
1412	9288
1348	9291
1320	9293
1364	9296
1413	9298
1443	9300
1461	9304
1460	9306
1413	9309
1343	9311
1315	9313
1359	9316
1416	9318
1440	9321
1453	9323
1460	9325
1443	9328
1380	9330
1354	9333
1396	9335
1460	9337
1483	9340
1487	9342
1493	9346
1476	9348
1430	9350
1385	9353
1389	9355
1431	9358
1449	9360
1457	9363
1459	9365
1439	9367
1372	9370
1342	9372
1360	9375
1407	9377
1426	9379
1431	9382
1430	9384
1423	9388
1361	9390
1321	9392
1340	9395
1387	9397
1436	9400
1461	9402
1459	9404
1450	9407
1399	9409
1368	9412
1379	9414
1429	9416
1463	9419
1501	9421
1527	9424
1528	9426
1466	9430
1408	9432
1398	9434
1441	9437
1469	9439
1475	9442
1475	9444
1467	9446
1416	9449
1358	9451
1337	9454
1374	9456
1400	9458
1406	9461
1421	9463
1428	9466
1386	9468
1309	9470
1282	9474
1332	9476
1397	9479
1426	9481
1428	9483
1428	9486
1420	9488
1381	9491
1366	9493
1398	9496
1454	9498
1484	9500
1512	9503
1531	9505
1518	9508
1488	9510
1481	9512
1534	9516
1611	9518
1640	9521
1643	9523
1635	9525
1607	9528
1542	9530
1514	9533
1523	9535
1570	9537
1601	9540
1620	9542
1626	9545
1604	9547
1520	9549
1462	9552
1474	9554
1514	9558
1543	9560
1553	9562
1556	9565
1552	9567
1504	9570
1469	9572
1464	9575
1498	9577
1517	9579
1529	9582
1538	9584
1541	9587
1493	9589
1446	9591
1441	9594
1499	9596
1544	9600
1556	9602
1561	9604
1562	9607
1510	9609
1456	9612
1449	9614
1498	9616
1525	9619
1530	9621
1531	9624
1526	9626
1487	9628
1423	9631
1397	9633
1439	9636
1484	9638
1507	9641
1529	9644
1540	9646
1518	9649
1447	9651
1411	9654
1437	9656
1485	9658
1514	9661
1535	9663
1533	9666
1496	9668
1445	9670
1410	9673
1438	9675
1496	9678
1518	9680
1528	9682
1527	9686
1503	9688
1439	9691
1416	9693
1431	9695
1487	9698
1527	9700
1557	9703
1573	9705
1563	9707
1484	9710
1434	9712
1446	9715
1510	9717
1555	9720
1572	9722
1573	9724
1568	9728
1514	9730
1479	9733
1499	9735
1543	9737
1582	9740
1603	9742
1619	9745
1623	9747
1563	9749
1505	9752
1500	9754
1554	9757
1585	9759
1596	9761
1596	9764
1596	9766
1546	9769
1487	9772
1472	9774
1525	9777
1574	9779
1589	9782
1594	9784
1586	9786
1532	9789
1464	9791
1439	9794
1485	9796
1533	9799
1559	9801
1586	9803
1607	9806
1603	9808
1551	9811
1525	9814
1568	9816
1622	9819
1641	9821
1654	9824
1659	9826
1647	9828
1594	9831
1569	9833
1593	9836
1648	9838
1662	9840
1642	9843
1621	9845
1583	9848
1504	9850
1466	9852
1478	9856
1545	9858
1575	9861
1580	9863
1568	9866
1543	9868
1469	9870
1427	9873
1436	9875
1482	9878
1513	9880
1531	9882
1543	9885
1543	9887
1485	9890
1448	9892
1471	9894
1521	9897
1569	9900
1585	9903
1591	9905
1593	9907
1542	9910
1495	9912
1486	9915
1521	9917
1559	9919
1570	9922
1583	9924
1591	9927
1529	9929
1444	9932
1413	9934
1469	9936
1529	9939
1550	9942
1555	9945
1549	9947
1500	9949
1415	9952
1370	9954
1425	9957
1491	9959
1524	9961
1542	9964
1547	9966
1517	9969
1438	9971
1397	9973
1442	9976
1512	9978
1559	9981
1596	9984
1605	9986
1548	9989
1478	9991
1427	9994
1444	9996
1493	9999
1513	10001
1523	10003
1526	10006
1502	10008
1447	10011
1441	10013
1503	10016
1566	10018
1592	10021
1609	10023
1609	10025
1576	10029
1524	10031
1510	10034
1551	10036
1596	10039
1619	10041
1634	10044
1643	10046
1615	10049
1538	10051
1494	10054
1520	10056
1566	10058
1577	10061
1578	10063
1564	10066
1519	10068
1444	10072
1404	10074
1433	10077
1474	10079
1485	10082
1495	10084
1500	10086
1458	10089
1391	10091
1370	10094
1423	10096
1486	10099
1519	10101
1538	10104
1549	10106
1514	10109
1459	10112
1438	10114
1479	10117
1522	10119
1544	10122
1561	10124
1572	10127
1528	10129
1481	10132
1475	10134
1511	10137
1560	10139
1583	10142
1590	10144
1579	10146
1526	10149
1456	10151
1424	10155
1456	10157
1483	10160
1483	10162
1482	10165
1480	10167
1434	10170
1380	10172
1371	10174
1434	10177
1481	10179
1501	10182
1513	10184
1513	10187
1459	10189
1408	10192
1400	10194
1452	10198
1495	10200
1519	10202
1532	10205
1532	10207
1473	10210
1425	10212
1436	10215
1504	10217
1540	10220
1548	10222
1550	10225
1549	10227
1496	10229
1438	10232
1429	10234
1477	10237
1507	10240
1506	10243
1504	10245
1494	10248
1430	10250
1373	10253
1365	10255
1415	10258
1460	10260
1496	10262
1520	10265
1517	10267
1453	10270
1403	10272
1405	10275
1461	10277
1499	10280
1518	10283
1534	10286
1542	10288
1485	10290
1438	10293
1441	10295
1489	10298
1518	10300
1538	10303
1554	10305
1555	10308
1494	10310
1456	10313
1476	10315
1512	10317
1539	10320
1548	10322
1551	10326
1546	10328
1486	10331
1442	10333
1460	10336
1524	10338
1561	10341
1574	10343
1577	10346
1567	10348
1498	10350
1450	10353
1452	10355
1496	10358
1518	10360
1531	10363
1539	10365
1530	10369
1460	10371
1417	10374
1433	10376
1485	10378
1507	10381
1517	10383
1508	10386
1474	10388
1399	10391
1366	10393
1399	10396
1466	10398
1509	10401
1536	10403
1542	10405
1513	10408
1457	10411
1413	10414
1433	10416
1495	10419
1531	10421
1561	10424
1589	10426
1592	10429
1526	10431
1482	10433
1490	10436
1526	10438
1527	10441
1519	10443
1504	10446
1475	10448
1403	10451
1365	10454
1379	10457
1415	10459
1418	10462
1415	10464
1408	10466
1378	10469
1314	10471
1287	10474
1327	10476
1386	10479
1422	10481
1458	10484
1486	10486
1473	10489
1429	10491
1421	10493
1474	10497
1528	10499
1548	10502
1563	10504
1574	10507
1559	10509
1495	10512
1466	10514
1494	10517
1540	10519
1552	10521
1558	10524
1556	10526
1519	10529
1445	10531
1410	10534
1447	10536
1495	10540
1505	10542
1510	10545
1508	10547
1467	10549
1399	10552
1370	10554
1412	10557
1456	10559
1473	10562
1489	10564
1502	10567
1478	10569
1438	10572
1432	10574
1482	10577
1526	10579
1545	10582
1559	10585
1569	10587
1528	10590
1487	10592
1461	10595
1500	10597
1550	10600
1575	10602
1595	10605
1605	10607
1564	10609
1495	10612
1466	10614
1509	10617
1547	10619
1551	10622
1549	10625
1540	10628
1479	10630
1409	10633
1382	10635
1420	10637
1448	10640
1454	10642
1465	10645
1474	10647
1422	10650
1368	10652
1367	10655
1422	10657
1459	10660
1477	10662
1486	10665
1489	10668
1437	10670
1399	10673
1414	10675
1482	10678
1530	10680
1560	10683
1575	10685
1577	10688
1518	10690
1455	10693
1438	10695
1486	10697
1523	10700
1538	10702
1554	10705
1561	10707
1504	10711
1437	10713
1416	10716
1459	10718
1498	10721
1526	10723
1543	10725
1536	10728
1464	10730
1414	10733
1431	10735
1501	10738
1537	10740
1546	10743
1545	10745
1534	10748
1465	10750
1416	10753
1427	10756
1483	10758
1511	10761
1520	10763
1521	10766
1509	10768
1440	10771
1397	10773
1403	10776
1460	10778
1507	10781
1538	10783
1553	10785
1546	10788
1479	10790
1433	10793
1440	10796
1490	10799
1519	10801
1538	10804
1549	10806
1546	10809
1488	10811
1456	10813
1490	10816
1563	10818
1593	10821
1597	10823
1594	10826
1577	10828
1500	10831
1450	10833
1465	10836
1526	10839
1568	10841
1598	10844
1599	10846
1568	10849
1484	10851
1429	10854
1433	10856
1474	10859
1492	10861
1502	10864
1498	10866
1480	10869
1411	10871
1376	10873
1404	10876
1458	10878
1469	10882
1470	10884
1469	10887
1449	10889
1377	10892
1342	10894
1380	10897
1448	10899
1478	10901
1488	10904
1491	10906
1477	10909
1416	10911
1385	10914
1417	10916
1478	10919
1511	10921
1533	10925
1549	10927
1545	10929
1496	10932
1458	10934
1472	10937
1508	10939
1512	10942
1516	10944
1517	10947
1480	10949
1404	10952
1364	10954
1397	10957
1433	10959
1452	10961
1464	10964
1465	10967
1442	10970
1380	10972
1350	10975
1373	10977
1416	10980
1430	10982
1438	10985
1439	10987
1411	10989
1351	10992
1334	10994
1387	10997
1446	10999
1474	11002
1505	11004
1531	11008
1504	11010
1438	11013
1407	11015
1448	11017
1495	11020
1514	11022
1518	11025
1515	11027
1466	11030
1400	11032
1378	11035
1430	11037
1478	11040
1504	11042
1528	11044
1531	11047
1468	11049
1413	11053
1374	11055
1404	11058
1450	11060
1473	11063
1488	11065
1495	11068
1461	11070
1400	11073
1378	11075
1433	11077
1489	11080
1514	11082
1528	11085
1537	11087
1500	11090
1451	11092
1437	11096
1482	11098
1524	11101
1542	11103
1547	11105
1555	11108
1522	11110
1479	11113
1453	11115
1484	11118
1511	11120
1526	11123
1529	11125
1514	11128
1447	11130
1390	11132
1389	11136
1442	11138
1473	11141
1478	11143
1479	11146
1475	11148
1423	11151
1369	11153
1360	11156
1411	11158
1451	11161
1465	11163
1473	11165
1482	11168
1437	11170
1388	11173
1381	11175
1428	11179
1459	11181
1482	11184
1505	11186
1516	11189
1464	11191
1423	11193
1426	11196
1473	11198
1500	11201
1507	11203
1505	11206
1505	11208
1452	11211
1411	11213
1419	11216
1472	11218
1500	11220
1514	11224
1526	11226
1524	11229
1460	11231
1410	11234
1411	11236
1469	11239
1518	11241
1544	11244
1556	11246
1548	11249
1481	11251
1430	11253
1435	11256
1496	11258
1543	11261
1562	11264
1557	11267
1545	11269
1479	11272
1436	11274
1454	11277
1511	11279
1541	11281
1555	11284
1558	11286
1547	11289
1481	11291
1436	11294
1445	11296
1494	11299
1524	11301
1547	11304
1559	11307
1540	11309
1469	11312
1432	11314
1455	11317
1502	11319
1513	11322
1519	11324
1515	11327
1503	11329
1437	11332
1395	11334
1406	11336
1456	11339
1482	11341
1494	11344
1503	11346
1499	11350
1435	11352
1391	11355
1410	11357
1468	11360
1497	11362
1513	11365
1516	11367
1500	11369
1439	11372
1408	11374
1435	11377
1492	11379
1518	11382
1539	11384
1552	11387
1529	11389
1459	11393
1423	11395
1459	11397
1516	11400
1539	11402
1549	11405
1551	11407
1518	11410
1456	11412
1428	11415
1468	11417
1517	11420
1536	11422
1559	11424
1570	11427
1546	11429
1473	11432
1432	11435
1461	11438
1514	11440
1536	11443
1553	11445
1559	11448
1526	11450
1453	11453
1420	11455
1459	11457
1520	11460
1547	11462
1555	11465
1547	11467
1507	11470
1453	11472
1427	11475
1451	11478
1479	11481
1488	11483
1500	11485
1510	11488
1474	11490
1420	11493
1412	11495
1467	11498
1509	11500
1525	11503
1539	11505
1546	11508
1499	11510
1441	11512
1421	11515
1460	11517
1507	11521
1524	11523
1540	11526
1548	11528
1514	11531
1451	11533
1437	11536
1492	11538
1535	11540
1544	11543
1546	11545
1536	11548
1482	11550
1429	11553
1425	11555
1473	11558
1500	11560
1504	11564
1505	11566
1498	11569
1438	11571
1381	11573
1374	11576
1432	11578
1474	11581
1490	11583
1499	11586
1502	11588
1447	11591
1399	11593
1402	11596
1462	11598
1509	11600
1533	11603
1535	11606
1525	11609
1465	11611
1406	11614
1395	11616
1442	11619
1474	11621
1485	11624
1495	11626
1501	11628
1451	11631
1407	11633
1415	11636
1479	11638
1522	11641
1540	11643
1550	11646
1554	11649
1501	11652
1453	11654
1453	11657
1501	11659
1534	11661
1549	11664
1557	11666
1546	11669
1477	11671
1426	11674
1429	11676
1476	11679
1503	11681
1510	11684
1504	11686
1487	11688
1421	11692
1383	11694
1399	11697
1455	11699
1489	11702
1506	11704
1513	11707
1507	11709
1442	11712
1392	11714
1399	11716
1457	11719
1497	11721
1516	11724
1524	11726
1526	11729
1475	11731
1444	11735
1469	11737
1538	11740
1572	11742
1577	11745
1575	11747
1564	11749
1496	11752
1449	11754
1466	11757
1523	11759
1552	11762
1567	11764
1581	11767
1576	11769
1511	11772
1469	11774
1491	11777
1548	11780
1569	11782
1576	11785
1575	11787
1550	11790
1479	11792
1442	11795
1469	11797
1509	11800
1534	11802
1548	11804
1549	11807
1529	11809
1447	11812
1400	11814
1419	11817
1466	11820
1477	11823
1479	11825
1474	11828
1443	11830
1371	11833
1334	11835
1354	11837
1408	11840
1437	11842
1457	11845
1470	11847
1450	11850
1385	11852
1357	11855
1398	11857
1463	11860
1503	11863
1541	11865
1565	11868
1534	11870
1464	11873
1440	11875
1489	11878
1540	11880
1552	11883
1558	11885
1557	11888
1518	11890
1465	11892
1427	11895
1450	11897
1505	11900
1533	11902
1551	11906
1550	11908
1508	11911
1423	11913
1381	11916
1424	11918
1494	11921
1524	11923
1526	11925
1505	11928
1451	11930
1376	11933
1346	11935
1386	11938
1428	11940
1444	11943
1459	11945
1463	11949
1424	11951
1365	11953
1354	11956
1416	11958
1475	11961
1501	11963
1509	11966
1502	11968
1449	11971
1393	11973
1383	11976
1438	11978
1487	11980
1522	11983
1543	11985
1555	11988
1514	11991
1448	11994
1422	11996
1463	11999
1507	12001
1522	12004
1530	12006
1527	12008
1478	12011
1415	12013
1395	12016
1448	12018
1497	12021
1514	12023
1523	12026
1531	12028
1486	12032
1433	12034
1422	12037
1476	12039
1511	12041
1521	12044
1526	12046
1524	12049
1462	12051
1404	12054
1393	12056
1440	12059
1479	12061
1500	12064
1513	12066
1511	12068
1443	12071
1395	12073
1399	12077
1436	12079
1478	12082
1498	12084
1512	12087
1517	12089
1465	12092
1414	12094
1411	12096
1467	12099
1508	12101
1524	12104
1528	12106
1526	12109
1473	12111
1427	12114
1425	12116
1480	12120
1518	12122
1526	12125
1524	12127
1517	12129
1446	12132
1389	12134
1390	12137
1447	12139
1480	12142
1484	12144
1478	12147
1465	12149
1401	12152
1374	12154
1405	12156
1470	12160
1493	12162
1496	12165
1496	12167
1486	12170
1438	12172
1392	12175
1399	12177
1455	12180
1488	12182
1503	12184
1508	12187
1503	12189
1439	12192
1394	12194
1402	12197
1449	12199
1471	12203
1479	12205
1476	12208
1458	12210
1381	12213
1333	12215
1344	12217
1393	12220
1420	12222
1442	12225
1457	12227
1452	12230
1394	12232
1368	12235
1402	12237
1474	12240
1514	12242
1545	12244
1563	12248
1564	12250
1515	12253
1489	12255
1512	12258
1555	12260
1571	12263
1585	12265
1595	12268
1580	12270
1512	12272
1473	12275
1485	12277
1519	12280
1522	12282
1517	12285
1506	12288
1481	12291
1409	12293
1367	12296
1382	12298
1423	12300
1440	12303
1453	12305
1458	12308
1443	12310
1388	12313
1372	12315
1416	12318
1476	12320
1504	12323
1529	12325
1549	12328
1540	12331
1489	12333
1464	12336
1508	12338
1566	12341
1592	12343
1599	12346
1594	12348
1547	12351
1481	12353
1457	12356
1497	12358
1532	12360
1552	12363
1560	12365
1552	12368
1507	12370
1417	12374
1368	12376
1393	12379
1439	12381
1449	12384
1450	12386
1445	12388
1414	12391
1358	12393
1338	12396
1381	12398
1428	12401
1444	12403
1453	12406
1459	12408
1430	12411
1382	12413
1370	12417
1422	12419
1471	12421
1496	12424
1508	12426
1507	12429
1464	12431
1412	12434
1393	12436
1439	12439
1478	12441
1494	12444
1499	12446
1501	12448
1451	12451
1411	12453
1390	12456
1439	12459
1488	12462
1501	12464
1498	12467
1489	12469
1442	12472
1382	12474
1365	12476
1418	12479
1468	12481
1488	12484
1499	12486
1501	12489
1461	12491
1421	12494
1418	12496
1464	12499
1499	12502
1511	12505
1512	12507
1509	12509
1453	12512
1399	12514
1394	12517
1445	12519
1472	12522
1480	12524
1493	12527
1501	12529
1442	12532
1386	12534
1381	12536
1429	12539
1458	12541
1464	12545
1463	12547
1458	12550
1412	12552
1376	12555
1385	12557
1446	12560
1488	12562
1509	12564
1524	12567
1530	12569
1479	12572
1438	12574
1449	12577
1512	12579
1553	12582
1571	12584
1580	12588
1580	12590
1518	12592
1466	12595
1470	12597
1525	12600
1561	12602
1585	12605
1601	12607
1602	12610
1539	12612
1494	12615
1501	12617
1550	12620
1580	12622
1596	12624
1597	12627
1578	12630
1505	12633
1461	12635
1477	12638
1527	12640
1547	12643
1563	12645
1565	12648
1551	12650
1475	12652
1414	12655
1412	12657
1466	12660
1504	12662
1526	12665
1528	12667
1516	12670
1449	12673
1414	12676
1435	12678
1486	12680
1506	12683
1519	12685
1535	12688
1538	12690
1477	12693
1436	12695
1454	12698
1509	12700
1537	12703
1556	12705
1567	12708
1559	12710
1499	12712
1469	12716
1498	12718
1556	12721
1579	12723
1588	12726
1583	12728
1553	12731
1488	12733
1464	12736
1478	12738
1523	12740
1539	12743
1549	12745
1551	12748
1530	12750
1452	12753
1405	12755
1425	12759
1485	12761
1518	12764
1541	12766
1551	12768
1528	12771
1454	12773
1412	12776
1436	12778
1489	12781
1511	12783
1522	12786
1524	12788
1499	12791
1438	12793
1418	12796
1461	12798
1511	12801
1528	12804
1532	12806
1533	12809
1502	12811
1445	12814
1424	12816
1468	12819
1516	12821
1526	12824
1529	12826
1531	12828
1512	12831
1450	12833
1419	12836
1452	12838
1513	12841
1542	12844
1551	12847
1535	12849
1492	12852
1416	12854
1378	12856
1409	12859
1458	12861
1484	12864
1504	12866
1516	12869
1489	12871
1439	12874
1427	12876
1479	12879
1518	12881
1525	12884
1529	12887
1524	12889
1477	12892
1420	12894
1408	12897
1469	12899
1525	12902
1552	12904
1565	12907
1569	12909
1523	12912
1479	12914
1467	12916
1498	12919
1519	12921
1526	12924
1536	12926
1539	12930
1495	12932
1427	12935
1404	12937
1461	12940
1521	12942
1547	12944
1553	12947
1541	12949
1478	12952
1421	12954
1409	12957
1463	12959
1509	12962
1523	12964
1526	12967
1524	12969
1472	12973
1423	12975
1420	12977
1471	12980
1506	12982
1521	12985
1532	12987
1540	12990
1485	12992
1431	12995
1433	12997
1488	13000
1521	13002
1527	13004
1528	13007
1523	13009
1455	13012
1401	13015
1389	13018
1430	13020
1467	13023
1483	13025
1494	13028
1498	13030
1441	13032
1388	13035
1384	13037
1435	13040
1477	13042
1506	13045
1527	13047
1539	13050
1487	13052
1437	13056
1445	13058
1515	13060
1556	13063
1567	13065
1568	13068
1564	13070
1502	13073
1456	13075
1458	13078
1504	13080
1535	13083
1555	13085
1563	13088
1548	13090
1468	13092
1412	13095
1418	13097
1466	13101
1487	13103
1490	13106
1485	13108
1464	13111
1408	13113
1358	13116
1369	13118
1430	13120
1474	13123
1500	13125
1500	13128
1482	13130
1406	13133
1352	13135
1354	13138
1405	13140
1441	13144
1466	13146
1479	13148
1467	13151
1391	13153
1339	13156
1345	13158
1388	13161
1412	13163
1436	13166
1453	13168
1433	13171
1352	13173
1311	13176
1336	13178
1389	13180
1408	13184
1414	13186
1415	13189
1395	13191
1337	13194
1315	13196
1356	13199
1418	13201
1447	13204
1466	13206
1480	13208
1476	13211
1422	13213
1408	13216
1455	13218
1528	13221
1555	13223
1570	13227
1578	13229
1563	13232
1497	13234
1467	13236
1504	13239
1567	13241
1596	13244
1605	13246
1596	13249
1562	13251
1495	13254
1470	13256
1509	13259
1553	13261
1558	13264
1555	13266
1543	13268
1497	13272
1428	13274
1403	13277
1447	13279
1494	13282
1513	13284
1524	13287
1528	13289
1494	13292
1442	13294
1429	13296
1486	13299
1534	13301
1567	13304
1587	13306
1589	13309
1551	13312
1476	13315
1437	13317
1468	13320
1509	13322
1525	13324
1533	13327
1530	13329
1483	13332
1409	13334
1375	13337
1412	13339
1454	13342
1469	13344
1483	13347
1494	13349
1458	13352
1394	13355
1359	13357
1397	13360
1435	13362
1453	13365
1460	13367
1456	13370
1404	13372
1351	13375
1344	13377
1402	13380
1453	13382
1479	13384
1497	13387
1509	13389
1464	13392
1426	13394
1409	13398
1456	13400
1497	13403
1512	13405
1521	13408
1524	13410
1486	13412
1435	13415
1416	13417
1452	13420
1484	13422
1501	13425
1513	13427
1516	13430
1463	13432
1406	13435
1391	13437
1440	13440
1477	13443
1484	13445
1484	13448
1488	13450
1437	13453
1389	13455
1388	13458
1446	13460
1491	13463
1510	13465
1513	13467
1497	13470
1424	13472
1375	13475
1386	13477
1442	13480
1472	13483
1483	13486
1493	13488
1501	13491
1453	13493
1404	13496
1396	13498
1435	13500
1458	13503
1471	13505
1485	13508
1492	13510
1432	13513
1381	13515
1385	13518
1437	13520
1472	13523
1488	13526
1501	13528
1509	13531
1460	13533
1423	13536
1428	13538
1474	13541
1497	13543
1510	13546
1520	13548
1521	13551
1462	13553
1418	13555
1427	13558
1473	13560
1495	13563
1514	13565
1534	13569
1533	13571
1466	13574
1424	13576
1438	13579
1499	13581
1536	13584
1553	13586
1559	13588
1558	13591
1501	13593
1462	13596
1480	13598
1539	13601
1568	13603
1580	13606
1585	13608
1579	13612
1517	13614
1477	13616
1486	13619
1525	13621
1541	13624
1556	13626
1569	13629
1558	13631
1479	13634
1429	13636
1441	13639
1486	13641
1506	13643
1528	13646
1544	13648
1522	13651
1446	13654
1405	13657
1435	13659
1491	13662
1519	13664
1535	13667
1541	13669
1530	13672
1462	13674
1420	13676
1434	13679
1486	13681
1514	13684
1537	13686
1549	13689
1529	13691
1451	13694
1405	13697
1419	13700
1466	13702
1482	13704
1491	13707
1491	13709
1464	13712
1389	13714
1352	13717
1381	13719
1430	13722
1442	13724
1447	13727
1447	13729
1413	13731
1350	13734
1318	13736
1348	13740
1388	13742
1403	13745
1422	13747
1438	13750
1414	13752
1360	13755
1341	13757
1390	13759
1444	13762
1471	13764
1507	13767
1529	13769
1515	13772
1467	13774
1469	13777
1537	13779
1590	13783
1599	13785
1607	13788
1612	13790
1581	13792
1518	13795
1489	13797
1530	13800
1576	13802
1590	13805
1593	13807
1591	13810
1546	13812
1481	13815
1449	13817
1485	13819
1521	13822
1532	13825
1537	13828
1531	13830
1473	13833
1411	13835
1402	13838
1465	13840
1513	13843
1529	13845
1540	13847
1545	13850
1493	13852
1436	13855
1419	13857
1463	13860
1515	13862
1544	13865
1566	13868
1567	13871
1505	13873
1430	13876
1400	13878
1442	13880
1479	13883
1494	13885
1509	13888
1517	13890
1466	13893
1404	13895
1379	13898
1414	13900
1437	13903
1442	13905
1448	13907
1450	13911
1392	13913
1337	13916
1333	13918
1387	13921
1427	13923
1440	13926
1444	13928
1442	13931
1383	13933
1332	13935
1336	13938
1398	13940
1447	13943
1474	13945
1487	13948
1495	13950
1455	13954
1411	13956
1399	13959
1442	13961
1476	13963
1492	13966
1504	13968
1506	13971
1439	13973
1379	13976
1372	13978
1424	13981
1465	13983
1488	13986
1491	13988
1484	13991
1426	13993
1390	13996
1409	13999
1466	14001
1497	14004
1513	14006
1530	14009
1532	14011
1462	14014
1408	14016
1424	14019
1483	14021
1506	14023
1510	14026
1510	14028
1502	14031
1445	14033
1417	14036
1444	14039
1502	14042
1528	14044
1553	14047
1571	14049
1575	14051
1512	14054
1463	14056
1471	14059
1527	14061
1564	14064
1582	14066
1590	14069
1588	14071
1530	14074
1496	14076
1526	14080
1597	14082
1638	14084
1653	14087
1653	14089
1635	14092
1565	14094
1524	14097
1544	14099
1596	14102
1618	14104
1625	14107
1622	14109
1604	14111
1538	14114
1495	14116
1505	14119
1548	14121
1562	14125
1559	14127
1543	14130
1507	14132
1438	14135
1410	14137
1422	14139
1470	14142
1483	14144
1482	14147
1485	14149
1472	14152
1401	14154
1362	14157
1387	14159
1442	14162
1462	14164
1477	14167
1486	14170
1467	14172
1403	14175
1374	14177
1407	14180
1464	14182
1491	14185
1520	14187
1540	14190
1517	14192
1451	14195
1427	14197
1469	14199
1516	14202
1531	14204
1546	14208
1556	14210
1527	14213
1467	14215
1431	14218
1471	14220
1517	14223
1530	14225
1532	14227
1527	14230
1500	14232
1430	14235
1395	14237
1427	14240
1478	14242
1498	14245
1512	14247
1519	14251
1492	14253
1426	14255
1393	14258
1434	14260
1486	14263
1509	14265
1519	14268
1517	14270
1474	14273
1415	14275
1398	14278
1444	14280
1478	14283
1486	14285
1490	14287
1487	14290
1435	14292
1371	14296
1350	14298
1395	14301
1436	14303
1457	14306
1470	14308
1474	14311
1422	14313
1367	14315
1361	14318
1415	14320
1455	14323
1471	14325
1492	14328
1511	14330
1483	14333
1430	14336
1415	14339
1472	14341
1534	14343
1576	14346
1601	14348
1599	14351
1541	14353
1478	14356
1462	14358
1515	14361
1559	14363
1578	14366
1588	14368
1588	14371
1533	14373
1477	14375
1466	14379
1511	14381
1544	14384
1555	14386
1565	14389
1569	14391
1506	14394
1450	14396
1444	14399
1490	14401
1528	14403
1557	14406
1581	14408
1588	14411
1530	14413
1486	14416
1498	14418
1538	14422
1574	14424
1584	14427
1591	14429
1602	14431
1559	14434
1510	14436
1497	14439
1537	14441
1569	14444
1584	14446
1589	14449
1581	14451
1508	14454
1448	14456
1443	14459
1488	14461
1514	14464
1524	14467
1526	14469
1512	14472
1435	14474
1383	14477
1397	14479
1455	14482
1485	14484
1492	14487
1498	14489
1489	14491
1420	14494
1379	14496
1396	14499
1448	14501
1473	14504
1489	14507
1495	14510
1474	14512
1417	14515
1367	14517
1377	14519
1433	14522
1466	14524
1476	14527
1475	14529
1465	14532
1402	14534
1365	14537
1389	14539
1452	14542
1488	14544
1512	14547
1526	14550
1509	14552
1432	14555
1388	14557
1406	14560
1458	14562
1481	14565
1490	14567
1484	14570
1460	14572
1395	14575
1366	14577
1392	14579
1434	14582
1443	14584
1449	14587
1455	14589
1441	14593
1384	14595
1357	14598
1393	14600
1454	14603
1483	14605
1501	14607
1514	14610
1510	14612
1460	14615
1441	14617
1471	14620
1531	14622
1564	14625
1590	14627
1602	14630
1583	14632
1516	14635
1492	14638
1535	14640
1595	14643
1604	14645
1606	14648
1607	14650
1581	14653
1520	14655
1492	14658
1528	14660
1572	14663
1589	14665
1601	14667
1607	14670
1576	14672
1516	14675
1491	14678
1530	14681
1574	14683
1590	14686
1602	14688
1609	14691
1575	14693
1519	14695
1496	14698
1534	14700
1566	14703
1582	14705
1595	14708
1597	14710
1556	14713
1477	14715
1438	14718
1475	14721
1528	14723
1552	14726
1564	14728
1560	14731
1513	14733
1446	14736
1420	14738
1464	14741
1512	14743
1532	14746
1543	14748
1546	14751
1504	14753
1444	14755
1423	14758
1479	14760
1530	14764
1556	14766
1578	14769
1594	14771
1551	14774
1499	14776
1490	14779
1545	14781
1587	14783
1602	14786
1602	14788
1592	14791
1531	14793
1486	14796
1470	14798
1521	14801
1557	14803
1559	14807
1556	14809
1549	14811
1487	14814
1416	14816
1396	14819
1443	14821
1484	14824
1502	14826
1512	14829
1508	14831
1437	14834
1373	14836
1363	14838
1412	14841
1446	14843
1464	14846
1476	14849
1477	14852
1421	14854
1373	14857
1374	14859
1428	14862
1470	14864
1497	14867
1520	14869
1531	14871
1481	14874
1444	14876
1460	14879
1538	14881
1599	14884
1619	14886
1605	14889
1587	14892
1507	14895
1434	14897
1414	14899
1453	14902
1481	14904
1496	14907
1508	14909
1508	14912
1437	14914
1379	14917
1379	14919
1424	14922
1447	14924
1455	14926
1459	14929
1459	14931
1401	14935
1361	14937
1372	14940
1428	14942
1463	14945
1483	14947
1500	14950
1509	14952
1452	14955
1410	14957
1428	14959
1480	14962
1491	14964
1493	14967
1501	14969
1501	14972
1441	14974
1402	14978
1424	14980
1482	14983
1502	14985
1510	14987
1515	14990
1508	14992
1439	14995
1393	14997
1407	15000
1465	15002
1501	15005
1522	15007
1535	15010
1530	15012
1468	15014
1431	15017
1453	15020
1525	15023
1577	15025
