1551	2
1555	4
1552	7
1526	9
1488	11
1464	13
1473	16
1515	18
1529	20
1538	23
1547	25
1539	27
1486	30
1428	32
1417	34
1442	36
1490	39
1516	41
1530	44
1539	47
1530	49
1471	51
1438	54
1441	56
1492	58
1507	60
1512	63
1524	65
1536	67
1496	70
1469	72
1466	74
1497	77
1509	79
1511	81
1515	84
1516	87
1495	89
1412	91
1364	94
1398	96
1446	98
1452	101
1428	103
1416	105
1421	108
1399	110
1384	112
1392	115
1443	117
1469	120
1463	122
1467	124
1485	128
1471	130
1438	132
1417	135
1463	137
1536	139
1587	142
1629	144
1638	146
1607	149
1521	151
1480	153
1508	156
1558	158
1598	161
1608	163
1613	165
1608	168
1564	171
1518	173
1516	176
1557	178
1576	180
1576	183
1584	185
1616	187
1610	190
1548	192
1510	194
1526	197
1566	199
1602	202
1645	204
1663	206
1649	209
1594	211
1570	214
1597	217
1648	219
1667	221
1682	224
1687	226
1680	228
1622	231
1589	233
1595	236
1648	238
1666	240
1656	243
1643	245
1617	247
1556	250
1508	252
1510	254
1559	258
1616	260
1612	262
1589	265
1574	267
1544	269
1467	272
1438	274
1481	277
1539	279
1545	281
1542	284
1550	286
1569	288
1518	291
1472	293
1479	295
1528	299
1553	301
1569	303
1593	306
1606	308
1557	311
1509	313
1505	315
1562	318
1606	320
1641	322
1633	325
1605	327
1549	329
1496	332
1457	334
1473	336
1500	339
1496	342
1498	344
1500	347
1500	349
1452	352
1413	354
1421	356
1444	359
1444	361
1430	363
1422	366
1437	368
1422	370
1415	373
1418	375
1460	377
1493	380
1527	382
1584	385
1625	388
1594	390
1555	393
1550	395
1597	397
1658	400
1706	402
1750	404
1768	407
1750	409
1687	411
1657	414
1698	416
1761	418
1769	421
1761	423
1760	427
1751	429
1701	431
1682	434
1694	436
1729	438
1736	441
1727	443
1721	445
1710	448
1665	450
1620	452
1606	455
1642	457
1691	459
1720	462
1726	464
1704	467
1674	470
1606	472
1574	475
1606	477
1661	479
1679	482
1685	484
1700	486
1705	489
1652	491
1615	493
1606	496
1625	498
1638	500
1640	503
1634	505
1630	508
1583	510
1546	513
1547	516
1574	518
1569	520
1546	523
1539	525
1530	527
1479	530
1429	532
1397	534
1434	537
1492	539
1484	542
1465	544
1451	546
1421	549
1357	551
1330	553
1364	557
1418	559
1458	561
1470	564
1479	566
1486	568
1452	571
1421	573
1438	575
1506	578
1564	580
1596	583
1614	585
1609	587
1574	590
1530	592
1521	594
1578	598
1652	600
1675	602
1666	605
1653	607
1630	609
1563	612
1532	614
1563	616
1627	619
1638	621
1621	624
1593	626
1566	628
1505	631
1488	633
1516	635
1569	638
1602	641
1626	643
1635	646
1637	648
1600	650
1557	653
1557	655
1605	658
1663	660
1686	662
1709	665
1729	667
1713	669
1632	672
1586	674
1596	676
1638	679
1654	681
1655	684
1636	687
1609	689
1542	691
1514	694
1531	696
1573	699
1569	701
1549	703
1535	706
1536	708
1519	710
1503	713
1500	715
1543	717
1572	720
1592	722
1605	724
1614	728
1606	730
1590	733
1582	735
1596	737
1628	740
1638	742
1669	744
1684	747
1663	749
1592	751
1547	754
1542	756
1559	758
1566	761
1567	763
1568	765
1563	769
1515	771
1464	774
1473	776
1535	778
1552	781
1540	783
1536	785
1524	788
1477	790
1429	792
1434	795
1491	797
1559	799
1577	802
1567	804
1553	807
1535	809
1475	812
1447	815
1492	817
1594	819
1639	822
1642	824
1616	826
1597	829
1531	831
1500	833
1504	836
1542	838
1543	840
1538	843
1531	845
1519	848
1475	850
1425	852
1408	856
1442	858
1469	860
1490	863
1507	865
1498	867
1460	870
1418	872
1393	874
1421	877
1477	879
1504	882
1520	884
1544	886
1538	889
1461	891
1417	893
1416	897
1471	899
1538	901
1586	904
1592	906
1582	908
1536	911
1497	913
1485	915
1525	918
1553	920
1563	923
1576	925
1590	927
1574	930
1524	932
1500	934
1515	937
1555	940
1566	942
1567	945
1558	947
1554	949
1528	952
1526	954
1545	957
1568	959
1577	961
1583	964
1593	966
1614	968
1595	971
1563	973
1538	975
1559	978
1593	980
1625	983
1633	986
1604	988
1549	990
1489	993
1455	995
1467	998
1504	1000
1535	1002
1582	1005
1603	1007
1563	1010
1468	1012
1430	1014
1438	1017
1493	1019
1524	1022
1535	1025
1524	1027
1499	1030
1433	1032
1432	1035
1498	1037
1544	1039
1536	1042
1510	1044
1498	1047
1505	1049
1465	1051
1430	1054
1442	1056
1480	1059
1513	1061
1518	1063
1522	1067
1514	1069
1438	1072
1382	1074
1389	1076
1461	1079
1513	1081
1548	1084
1541	1086
1511	1088
1444	1091
1408	1093
1424	1096
1483	1098
1529	1101
1570	1103
1593	1105
1580	1108
1506	1111
1443	1114
1434	1116
1487	1118
1537	1121
1565	1123
1561	1126
1551	1128
1506	1130
1445	1133
1434	1135
1504	1138
1554	1140
1552	1142
1548	1145
1543	1147
1516	1150
1452	1153
1430	1155
1459	1158
1491	1160
1492	1163
1489	1165
1489	1167
1460	1170
1413	1172
1377	1175
1396	1177
1459	1179
1491	1182
1501	1184
1497	1187
1460	1189
1381	1192
1352	1195
1364	1197
1413	1200
1443	1202
1457	1205
1458	1207
1439	1209
1376	1212
1348	1214
1363	1217
1425	1219
1480	1221
1525	1224
1544	1226
1531	1229
1472	1231
1435	1233
1443	1236
1483	1239
1539	1242
1573	1244
1588	1246
1586	1249
1522	1251
1447	1254
1423	1256
1456	1258
1477	1261
1496	1263
1520	1266
1543	1268
1509	1270
1441	1273
1395	1275
1428	1278
1467	1281
1483	1284
1488	1286
1472	1288
1434	1291
1404	1293
1411	1296
1445	1298
1468	1300
1483	1303
1501	1305
1523	1308
1509	1310
1454	1312
1430	1315
1471	1317
1524	1320
1529	1323
1534	1325
1541	1328
1535	1330
1472	1333
1429	1335
1443	1337
1481	1340
1498	1342
1510	1345
1497	1347
1473	1349
1402	1352
1364	1354
1389	1357
1465	1359
1514	1361
1520	1364
1505	1367
1476	1370
1428	1372
1400	1374
1424	1377
1475	1379
1493	1382
1496	1384
1498	1387
1492	1389
1445	1391
1429	1394
1433	1396
1451	1399
1467	1401
1489	1403
1498	1406
1460	1409
1382	1412
1347	1414
1361	1416
1421	1419
1445	1421
1449	1424
1460	1426
1473	1428
1439	1431
1407	1433
1397	1436
1430	1438
1474	1440
1490	1443
1493	1445
1485	1448
1447	1451
1399	1453
1383	1456
1409	1458
1428	1461
1433	1463
1444	1465
1448	1468
1417	1470
1360	1473
1339	1475
1361	1477
1376	1480
1364	1482
1354	1485
1362	1487
1393	1490
1380	1492
1345	1495
1336	1498
1378	1500
1395	1503
1403	1505
1415	1507
1423	1510
1395	1512
1398	1515
1449	1517
1518	1519
1526	1522
1514	1524
1510	1527
1506	1529
1451	1531
1424	1534
1442	1537
1486	1540
1502	1542
1522	1544
1522	1547
1490	1549
1438	1552
1397	1554
1385	1556
1411	1559
1428	1561
1439	1564
1444	1566
1455	1569
1407	1571
1364	1573
1345	1576
1412	1579
1477	1582
1498	1584
1499	1586
1495	1589
1445	1591
1397	1594
1383	1596
1428	1598
1485	1601
1508	1603
1519	1606
1528	1608
1497	1610
1444	1613
1418	1615
1448	1618
1496	1620
1506	1623
1506	1626
1508	1628
1481	1631
1414	1633
1382	1635
1427	1638
1470	1640
1488	1643
1494	1645
1480	1647
1436	1650
1354	1652
1331	1655
1386	1657
1457	1659
1470	1662
1473	1665
1466	1668
1457	1670
1401	1673
1369	1675
1390	1677
1447	1680
1470	1682
1481	1685
1495	1687
1494	1689
1419	1692
1364	1694
1361	1697
1405	1699
1425	1701
1434	1704
1441	1707
1454	1710
1410	1712
1362	1714
1361	1717
1414	1719
1449	1722
1468	1724
1488	1726
1499	1729
1464	1731
1411	1734
1388	1736
1431	1738
1466	1741
1481	1743
1502	1746
1519	1748
1488	1751
1402	1754
1360	1756
1398	1759
1456	1761
1490	1763
1485	1766
1449	1768
1373	1771
1315	1773
1294	1776
1333	1778
1381	1780
1392	1783
1424	1785
1460	1788
1434	1790
1347	1793
1314	1796
1325	1798
1380	1801
1411	1803
1438	1805
1453	1808
1438	1810
1367	1813
1335	1815
1358	1817
1416	1820
1454	1822
1482	1825
1490	1827
1479	1829
1415	1832
1382	1835
1390	1838
1437	1840
1459	1842
1467	1845
1469	1847
1457	1850
1402	1852
1367	1854
1378	1857
1438	1859
1479	1862
1514	1864
1506	1866
1471	1869
1407	1871
1371	1874
1377	1876
1410	1880
1418	1882
1414	1884
1408	1887
1390	1889
1332	1892
1287	1894
1285	1896
1343	1899
1382	1901
1386	1904
1380	1906
1383	1908
1353	1911
1311	1913
1299	1916
1341	1918
1368	1921
1377	1924
1399	1926
1410	1929
1391	1931
1314	1933
1272	1936
1305	1938
1362	1941
1398	1943
1441	1945
1478	1948
1481	1950
1422	1953
1392	1955
1422	1957
1480	1960
1515	1963
1531	1966
1524	1968
1510	1970
1485	1973
1482	1975
1509	1978
1550	1980
1567	1983
1585	1985
1576	1987
1517	1990
1421	1992
1394	1995
1443	1997
1537	1999
1569	2002
1570	2004
1576	2008
1563	2010
1490	2012
1439	2015
1437	2017
1497	2020
1565	2022
1599	2024
1591	2027
1566	2029
1490	2032
1439	2034
1452	2036
1499	2039
1531	2041
1518	2044
1498	2046
1483	2049
1429	2052
1368	2054
1339	2057
1366	2059
1384	2061
1416	2064
1451	2066
1458	2069
1401	2071
1332	2074
1297	2076
1328	2078
1383	2081
1426	2083
1474	2086
1466	2088
1396	2091
1299	2094
1256	2096
1302	2099
1377	2101
1430	2103
1454	2106
1452	2108
1417	2111
1350	2113
1334	2115
1394	2118
1466	2120
1472	2123
1491	2125
1519	2127
1540	2130
1466	2132
1409	2136
1417	2138
1477	2140
1512	2143
1517	2145
1506	2148
1493	2150
1427	2152
1386	2155
1428	2157
1512	2160
1526	2162
1483	2165
1447	2167
1422	2169
1372	2172
1338	2174
1356	2178
1432	2180
1477	2182
1486	2185
1498	2187
1503	2190
1440	2192
1398	2194
1397	2197
1459	2199
1500	2202
1518	2204
1527	2206
1507	2209
1445	2211
1403	2214
1391	2216
1424	2219
1467	2222
1482	2224
1461	2227
1420	2229
1353	2231
1300	2234
1302	2236
1362	2239
1390	2241
1399	2243
1426	2246
1446	2248
1412	2251
1328	2253
1302	2256
1388	2258
1499	2260
1546	2264
1555	2266
1541	2269
1507	2271
1440	2273
1410	2276
1441	2278
1495	2281
1527	2283
1552	2285
1561	2288
1524	2290
1448	2293
1412	2295
1425	2297
1464	2300
1479	2302
1487	2306
1484	2308
1459	2310
1387	2313
1339	2315
1331	2318
1349	2320
1374	2322
1409	2325
1421	2327
1412	2330
1347	2332
1309	2335
1329	2337
1405	2339
1473	2342
1509	2344
1532	2348
1558	2350
1534	2352
1472	2355
1442	2357
1487	2360
1535	2362
1567	2364
1591	2367
1589	2369
1522	2372
1473	2374
1441	2376
1449	2379
1447	2381
1437	2384
1457	2386
1479	2388
1433	2392
1360	2394
1333	2397
1367	2399
1408	2401
1423	2404
1449	2406
1486	2409
1489	2411
1452	2413
1428	2416
1460	2418
1490	2421
1504	2423
1530	2426
1547	2428
1523	2430
1440	2434
1407	2436
1454	2439
1537	2441
1570	2443
1583	2446
1559	2448
1514	2451
1433	2453
1397	2455
1429	2458
1500	2460
1550	2463
1594	2465
1641	2467
1632	2470
1537	2472
1472	2476
1479	2478
1551	2480
1603	2483
1613	2485
1598	2488
1578	2490
1508	2492
1460	2495
1464	2497
1509	2500
1527	2502
1527	2505
1516	2507
1499	2509
1439	2512
1399	2514
1411	2518
1477	2520
1520	2522
1534	2525
1543	2527
1553	2530
1517	2532
1457	2534
1431	2537
1476	2539
1534	2542
1569	2544
1569	2546
1559	2549
1510	2551
1470	2554
1464	2556
1483	2558
1483	2562
1468	2564
1464	2567
1469	2569
1452	2571
1399	2574
1362	2576
1387	2579
1459	2581
1514	2584
1558	2586
1569	2588
1547	2591
1495	2593
1495	2596
1565	2598
1622	2600
1656	2604
1672	2606
1682	2609
1656	2611
1568	2613
1518	2616
1546	2618
1610	2621
1622	2623
1592	2625
1536	2628
1481	2630
1388	2633
1333	2635
1335	2637
1373	2640
1386	2642
1388	2646
1387	2648
1380	2650
1320	2653
1281	2655
1295	2658
1356	2660
1404	2662
1443	2665
1468	2667
1479	2670
1425	2672
1385	2674
1382	2677
1419	2679
1437	2682
1445	2684
1455	2688
1459	2690
1425	2692
1395	2695
1401	2697
1428	2700
1421	2702
1395	2704
1381	2707
1384	2709
1364	2712
1320	2714
1319	2716
1384	2719
1453	2721
1482	2724
1498	2726
1495	2728
1452	2732
1404	2734
1375	2737
1409	2739
1475	2741
1506	2744
1525	2746
1538	2749
1530	2751
1489	2753
1432	2756
1427	2758
1474	2761
1495	2763
1503	2765
1499	2768
1491	2770
1454	2774
1443	2776
1447	2778
1465	2781
1469	2783
1479	2786
1502	2788
1524	2791
1478	2793
1430	2795
1425	2798
1442	2800
1445	2803
1436	2805
1434	2807
1440	2810
1384	2812
1328	2816
1321	2818
1369	2820
1404	2823
1439	2825
1454	2828
1432	2830
1354	2832
1289	2835
1289	2837
1368	2840
1445	2842
1470	2844
1462	2847
1438	2849
1395	2852
1353	2854
1350	2856
1409	2860
1463	2862
1498	2865
1522	2867
1550	2869
1550	2872
1522	2874
1503	2877
1517	2879
1522	2882
1501	2884
1485	2886
1477	2889
1456	2891
1401	2894
1366	2896
1356	2898
1371	2902
1376	2904
1378	2907
1362	2909
1332	2911
1259	2914
1228	2916
1249	2919
1289	2921
1317	2923
1351	2926
1386	2928
1404	2931
1403	2933
1427	2935
1476	2938
1519	2940
1531	2944
1546	2946
1573	2948
1598	2951
1564	2953
1540	2956
1528	2958
1575	2960
1622	2963
1635	2965
1597	2968
1548	2970
1465	2973
1407	2975
1393	2977
1434	2980
1461	2982
1475	2985
1508	2988
1538	2990
1488	2993
1430	2995
1416	2998
1455	3000
1504	3002
1520	3005
1505	3007
1493	3010
1453	3012
1402	3014
1383	3017
1425	3019
1454	3022
1471	3024
1489	3026
1508	3030
1487	3032
1430	3035
1394	3037
1428	3039
1456	3042
1463	3044
1479	3047
1522	3049
1547	3052
1500	3054
1454	3056
1474	3059
1524	3061
1548	3064
1561	3066
1558	3068
1534	3072
1467	3074
1435	3077
1469	3079
1543	3081
1583	3084
1590	3086
1578	3089
1572	3091
1523	3093
1504	3096
1516	3098
1548	3101
1548	3103
1548	3105
1540	3108
1515	3110
1451	3113
1436	3116
1461	3118
1508	3121
1512	3123
1504	3126
1507	3128
1519	3131
1479	3133
1440	3135
1435	3138
1499	3140
1563	3143
1591	3145
1598	3147
1587	3150
1537	3152
1509	3155
1517	3158
1552	3160
1582	3163
1582	3165
1590	3168
1603	3170
1562	3172
1485	3175
1438	3177
1473	3180
1511	3182
1529	3184
1555	3187
1571	3189
1543	3192
1492	3194
1483	3197
1514	3200
1523	3202
1513	3205
1513	3207
1514	3210
1497	3212
1443	3214
1420	3217
1461	3219
1536	3222
1575	3224
1581	3226
1566	3229
1532	3231
1448	3234
1400	3236
1423	3238
1475	3241
1480	3244
1481	3247
1494	3249
1501	3251
1453	3254
1418	3256
1434	3259
1488	3261
1509	3263
1513	3266
1506	3268
1485	3271
1435	3273
1401	3275
1421	3278
1468	3280
1468	3283
1453	3286
1459	3289
1481	3291
1444	3293
1405	3296
1383	3298
1412	3301
1422	3303
1416	3305
1417	3308
1434	3310
1407	3313
1375	3315
1368	3317
1425	3320
1478	3322
1488	3325
1494	3328
1505	3330
1472	3333
1417	3335
1390	3338
1415	3340
1457	3342
1484	3345
1510	3347
1526	3350
1502	3352
1458	3354
1445	3357
1483	3359
1503	3362
1499	3364
1509	3366
1525	3369
1496	3372
1414	3375
1379	3377
1420	3380
1476	3382
1494	3384
1519	3387
1540	3389
1527	3392
1443	3394
1372	3396
1364	3399
1398	3401
1414	3404
1423	3406
1423	3408
1416	3411
1376	3414
1370	3417
1390	3419
1412	3421
1420	3424
1439	3426
1459	3429
1473	3431
1426	3433
1389	3436
1400	3438
1451	3441
1475	3443
1469	3445
1458	3448
1452	3450
1414	3453
1386	3456
1413	3458
1492	3461
1519	3463
1496	3466
1471	3468
1460	3471
1416	3473
1387	3475
1362	3478
1393	3480
1427	3483
1467	3485
1516	3487
1544	3490
1478	3492
1395	3495
1369	3497
1416	3500
1485	3503
1520	3505
1523	3508
1497	3510
1430	3512
1368	3515
1361	3517
1413	3520
1489	3522
1526	3524
1542	3527
1538	3529
1516	3532
1473	3534
1471	3536
1513	3539
1541	3542
1537	3545
1523	3547
1511	3550
1482	3552
1419	3554
1395	3557
1418	3559
1467	3562
1488	3564
1515	3566
1510	3569
1474	3571
1372	3574
1306	3576
1324	3578
1396	3581
1429	3584
1433	3587
1412	3589
1393	3591
1340	3594
1310	3596
1319	3599
1370	3601
1405	3603
1413	3606
1412	3608
1418	3611
1381	3613
1351	3615
1366	3618
1424	3620
1450	3623
1468	3625
1493	3629
1507	3631
1466	3633
1420	3636
1423	3638
1482	3641
1513	3643
1506	3645
1501	3648
1509	3650
1469	3653
1429	3655
1416	3657
1486	3660
1559	3662
1581	3665
1565	3667
1538	3670
1494	3673
1461	3675
1459	3678
1485	3680
1520	3682
1530	3685
1541	3687
1550	3690
1519	3692
1453	3694
1426	3697
1460	3699
1517	3702
1546	3704
1571	3707
1587	3709
1563	3712
1498	3715
1483	3717
1523	3720
1556	3722
1563	3724
1550	3727
1543	3729
1542	3732
1508	3734
1502	3736
1529	3739
1565	3741
1569	3744
1570	3746
1579	3748
1596	3751
1546	3753
1480	3757
1459	3759
1487	3761
1502	3764
1512	3766
1538	3769
1578	3771
1544	3773
1460	3776
1425	3778
1474	3781
1517	3783
1530	3786
1520	3788
1512	3790
1458	3793
1403	3795
1404	3799
1485	3801
1552	3803
1584	3806
1590	3808
1573	3811
1501	3813
1456	3815
1455	3818
1527	3820
1592	3823
1619	3825
1613	3827
1587	3830
1525	3832
1454	3835
1435	3837
1508	3840
1605	3843
1639	3845
1626	3848
1607	3850
1562	3853
1495	3855
1471	3857
1501	3860
1557	3862
1582	3865
1589	3867
1593	3869
1582	3872
1511	3874
1453	3877
1478	3879
1536	3881
1588	3885
1595	3887
1558	3890
1526	3892
1466	3894
1441	3897
1453	3899
1491	3902
1506	3904
1531	3906
1566	3909
1586	3911
1525	3914
1462	3916
1453	3918
1507	3921
1567	3923
1607	3927
1609	3929
1594	3932
1543	3934
1492	3936
1451	3939
1457	3941
1472	3944
1486	3946
1495	3948
1496	3951
1457	3953
1421	3956
1419	3958
1461	3960
1496	3963
1510	3965
1510	3969
1491	3971
1441	3973
1377	3976
1350	3978
1388	3981
1430	3983
1470	3985
1516	3988
1536	3990
1468	3993
1408	3995
1379	3997
1429	4000
1505	4002
1555	4005
1587	4007
1583	4011
1537	4013
1471	4015
1454	4018
1489	4020
1544	4023
1541	4025
1510	4027
1469	4030
1421	4032
1365	4035
1356	4037
1385	4039
1434	4042
1455	4044
1472	4047
1490	4049
1485	4051
1426	4055
1396	4057
1429	4060
1475	4062
1513	4064
1544	4067
1567	4069
1568	4072
1491	4074
1431	4076
1430	4079
1470	4081
1495	4084
1551	4086
1605	4088
1600	4091
1489	4093
1394	4097
1363	4099
1393	4101
1422	4104
1439	4106
1450	4109
1443	4111
1379	4114
1315	4116
1303	4118
1355	4121
1387	4123
1391	4126
1393	4128
1402	4130
1376	4133
1330	4135
1315	4139
1390	4141
1501	4143
1593	4146
1633	4148
1628	4151
1588	4153
1525	4155
1497	4158
1550	4160
1633	4163
1678	4165
1669	4167
1625	4170
1549	4172
1475	4175
1417	4177
1429	4179
1464	4183
1460	4185
1444	4188
1420	4190
1388	4192
1336	4195
1324	4197
1350	4200
1402	4202
1415	4205
1418	4207
1439	4209
1450	4212
1405	4214
1392	4217
1428	4219
1516	4221
1580	4225
1611	4227
1620	4230
1619	4232
1562	4234
1529	4237
1553	4239
1599	4242
1631	4244
1638	4246
1634	4249
1610	4251
1518	4254
1443	4256
1418	4258
1441	4261
1448	4263
1445	4267
1440	4269
1416	4271
1343	4274
1292	4276
1298	4279
1366	4281
1413	4284
1431	4286
1450	4288
1469	4291
1466	4293
1469	4296
1497	4298
1554	4300
1605	4303
1650	4305
1686	4308
1714	4311
1677	4313
1605	4316
1575	4318
1612	4321
1654	4323
1659	4325
1652	4328
1650	4330
1634	4333
1579	4335
1546	4337
1551	4340
1563	4342
1556	4345
1549	4347
1541	4349
1525	4353
1464	4355
1440	4358
1472	4360
1537	4362
1584	4365
1625	4367
1654	4370
1669	4372
1631	4375
1598	4377
1568	4379
1576	4382
1585	4384
1605	4387
1627	4389
1610	4391
1524	4395
1472	4397
1471	4400
1517	4402
1549	4404
1566	4407
1551	4409
1507	4412
1421	4414
1373	4416
1398	4419
1460	4421
1529	4424
1565	4426
1575	4428
1571	4431
1497	4433
1436	4436
1447	4439
1513	4441
1533	4444
1508	4446
1475	4449
1439	4451
1390	4454
1349	4456
1334	4458
1364	4461
1402	4463
1427	4466
1450	4468
1444	4470
1385	4473
1319	4475
1317	4478
1387	4481
1457	4483
1494	4486
1508	4488
1502	4491
1469	4493
1396	4495
1363	4498
1391	4500
1453	4503
1491	4505
1508	4507
1499	4510
1478	4512
1400	4515
1344	4517
1340	4519
1363	4523
1346	4525
1327	4528
1317	4530
1308	4533
1272	4535
1252	4537
1273	4540
1332	4542
1378	4545
1423	4547
1463	4549
1475	4552
1422	4554
1395	4557
1401	4559
1457	4561
1493	4564
1515	4567
1530	4570
1537	4572
1485	4574
1432	4577
1394	4579
1387	4582
1380	4584
1365	4586
1339	4589
1312	4591
1253	4594
1225	4596
1257	4598
1303	4601
1328	4603
1311	4606
1302	4609
1314	4612
1300	4614
1284	4616
1323	4619
1437	4621
1541	4624
1586	4626
1628	4628
1651	4631
1631	4633
1590	4636
1577	4638
1617	4640
1657	4643
1672	4645
1668	4648
1633	4651
1571	4653
1491	4656
1455	4658
1464	4661
1460	4663
1434	4665
1420	4668
1395	4670
1338	4673
1241	4675
1187	4677
1199	4680
1246	4682
1263	4685
1281	4687
1319	4689
1351	4692
1342	4695
1345	4698
1378	4700
1441	4703
1478	4705
1520	4707
1565	4710
1600	4712
1593	4715
1601	4717
1630	4719
1673	4722
1681	4724
1670	4727
1657	4729
1642	4731
1578	4734
1548	4737
1575	4740
1658	4742
1690	4744
1665	4747
1645	4749
1629	4752
1555	4754
1498	4756
1483	4759
1517	4761
1549	4764
1580	4766
1617	4769
1615	4771
1540	4773
1448	4776
1401	4779
1427	4782
1449	4784
1453	4786
1442	4789
1422	4791
1377	4794
1334	4796
1351	4798
1437	4801
1484	4803
1480	4806
1474	4808
1476	4810
1462	4813
1430	4815
1438	4818
1492	4820
1546	4823
1574	4826
1596	4828
1624	4831
1626	4833
1571	4835
1551	4838
1589	4840
1646	4843
1663	4845
1672	4847
1672	4850
1658	4852
1597	4855
1570	4857
1593	4860
1638	4862
1654	4865
1660	4868
1653	4870
1638	4873
1552	4875
1456	4877
1405	4880
1425	4882
1461	4885
1492	4887
1493	4889
1490	4892
1452	4894
1418	4897
1417	4899
1468	4901
1513	4904
1549	4907
1579	4910
1600	4912
1577	4914
1572	4917
1591	4919
1652	4922
1684	4924
1683	4926
1679	4929
1663	4931
1596	4934
1513	4936
1454	4939
1447	4941
1447	4943
1458	4946
1488	4948
1493	4952
1407	4954
1296	4956
1256	4959
1307	4961
1355	4964
1398	4966
1439	4968
1469	4971
1459	4973
1425	4976
1435	4978
1503	4980
1558	4983
1572	4985
1600	4988
1638	4990
1649	4993
1578	4996
1519	4998
1512	5001
1530	5003
1521	5005
1515	5008
1503	5010
1478	5013
1398	5015
1337	5018
1324	5020
1349	5022
1352	5025
1349	5027
1348	5030
1352	5032
1327	5035
1337	5038
1392	5040
1443	5043
1451	5045
1455	5047
1470	5050
1481	5052
1443	5055
1419	5057
1454	5059
1541	5062
1599	5064
1635	5067
1645	5069
1621	5071
1524	5074
1456	5076
1408	5080
1431	5082
1451	5085
1461	5087
1483	5089
1517	5092
1485	5094
1409	5097
1351	5099
1344	5101
1359	5104
1358	5106
1354	5109
1346	5111
1312	5113
1300	5116
1333	5118
1406	5122
1442	5124
1456	5126
1475	5129
1490	5131
1482	5134
1464	5136
1480	5138
1545	5141
1610	5143
1646	5146
1689	5148
1706	5150
1673	5153
1591	5155
1539	5158
1545	5160
1588	5163
1590	5166
1570	5168
1512	5171
1445	5173
1346	5176
1287	5178
1284	5180
1320	5183
1341	5185
1363	5188
1378	5190
1401	5192
1373	5195
1338	5197
1339	5200
1391	5202
1435	5204
1467	5208
1495	5210
1510	5213
1477	5215
1473	5217
1513	5220
1584	5222
1613	5225
1621	5227
1619	5229
1613	5232
1558	5234
1481	5237
1438	5239
1469	5241
1516	5244
1559	5246
1586	5250
1575	5252
1492	5254
1425	5257
1370	5259
1395	5262
1436	5264
1479	5267
1544	5269
1600	5271
1572	5274
1496	5276
1464	5279
1488	5281
1530	5283
1526	5286
1520	5288
1520	5292
1511	5294
1485	5296
1479	5299
1494	5301
1518	5304
1522	5306
1528	5308
1538	5311
1535	5313
1498	5316
1499	5318
1560	5320
1617	5323
1650	5325
1660	5328
1658	5330
1649	5332
1609	5336
1588	5338
1595	5341
1616	5343
1611	5345
1613	5348
1655	5350
1697	5353
1656	5355
1591	5358
1589	5360
1652	5362
1691	5365
1699	5367
1694	5370
1691	5372
1637	5374
1588	5378
1573	5380
1599	5383
1610	5385
1612	5387
1617	5390
1619	5392
1556	5395
1487	5397
1473	5399
1524	5402
1553	5404
1558	5407
1547	5409
1514	5411
1451	5414
1375	5416
1349	5420
1415	5422
1502	5424
1565	5427
1598	5429
1586	5432
1507	5434
1433	5437
1385	5439
1438	5441
1526	5444
1586	5446
1613	5449
1614	5451
1582	5453
1536	5456
1528	5458
1560	5462
1591	5464
1593	5466
1603	5469
1618	5471
1607	5474
1548	5476
1508	5478
1523	5481
1571	5483
1601	5486
1637	5488
1653	5490
1616	5493
1506	5495
1459	5498
1475	5500
1498	5502
1494	5506
1474	5508
1451	5511
1424	5513
1358	5516
1327	5518
1342	5520
1375	5523
1373	5525
1364	5528
1352	5530
1348	5532
1300	5535
1282	5537
1328	5540
1432	5542
1502	5544
1526	5548
1523	5550
1506	5553
1444	5555
1415	5557
1453	5560
1537	5562
1580	5565
1584	5567
1578	5569
1580	5572
1551	5574
1514	5577
1488	5579
1503	5581
1513	5584
1521	5586
1533	5590
1535	5592
1498	5595
1440	5597
1422	5599
1465	5602
1502	5604
1501	5607
1496	5609
1495	5611
1462	5614
1420	5616
1385	5619
1402	5621
1442	5623
1462	5626
1467	5628
1445	5632
1396	5634
1332	5636
1312	5639
1330	5641
1370	5644
1381	5646
1384	5648
1377	5651
1340	5653
1275	5656
1257	5658
1280	5660
1317	5663
1324	5665
1328	5668
1344	5670
1358	5672
1309	5676
1269	5678
1288	5681
1352	5683
1390	5686
1439	5688
1481	5690
1507	5693
1484	5695
1475	5698
1513	5700
1572	5702
1600	5705
1616	5707
1644	5710
1667	5712
1618	5714
1558	5718
1533	5720
1543	5723
1521	5725
1480	5727
1454	5730
1428	5732
1363	5735
1295	5737
1274	5739
1313	5742
1327	5744
1316	5747
1335	5749
1356	5751
1347	5754
1297	5756
1286	5760
1346	5762
1409	5765
1456	5767
1499	5769
1524	5772
1505	5774
1434	5777
1403	5779
1449	5781
1514	5784
1537	5786
1556	5789
1574	5791
1547	5793
1485	5796
1420	5798
1420	5801
1467	5804
1491	5806
1501	5809
1508	5811
1497	5814
1445	5816
1422	5818
1438	5821
1483	5823
1511	5826
1546	5828
1581	5830
1587	5833
1520	5835
1480	5838
1497	5840
1541	5843
1577	5846
1583	5848
1571	5851
1549	5853
1483	5856
1441	5858
1445	5860
1468	5863
1459	5865
1432	5868
1410	5870
1388	5872
1321	5875
1274	5877
1277	5880
1350	5882
1437	5884
1487	5888
1507	5890
1477	5893
1403	5895
1338	5897
1327	5900
1392	5902
1455	5905
1494	5907
1517	5910
1530	5912
1513	5914
1469	5917
1457	5919
1494	5922
1507	5924
1482	5926
1467	5929
1477	5932
1473	5935
1435	5937
1402	5939
1396	5942
1401	5944
1390	5947
1382	5949
1371	5951
1340	5954
1304	5956
1302	5959
1365	5961
1442	5963
1459	5966
1457	5968
1461	5971
1462	5974
1443	5976
1451	5979
1489	5981
1535	5984
1553	5986
1567	5989
1572	5991
1567	5993
1523	5996
1501	5998
1502	6001
1510	6003
1507	6005
1520	6008
1534	6010
1517	6013
1416	6016
1336	6018
1319	6021
1356	6023
1375	6026
1398	6028
1411	6030
1408	6033
1357	6035
1316	6038
1335	6040
1418	6042
1491	6045
1525	6047
1548	6050
1571	6052
1556	6055
1535	6057
1548	6060
1609	6063
1633	6065
1622	6068
1612	6070
1611	6072
1581	6075
1534	6077
1522	6080
1578	6082
1622	6084
1622	6087
1601	6089
1575	6092
1527	6094
1437	6096
1383	6099
1395	6102
1419	6105
1423	6107
1426	6109
1413	6112
1367	6114
1324	6117
1299	6119
1312	6121
1341	6124
1366	6126
1408	6129
1434	6131
1416	6134
1362	6136
1346	6138
1361	6141
1404	6144
1436	6147
1486	6149
1547	6151
1577	6154
1522	6156
1467	6159
1462	6161
1484	6163
1498	6166
1515	6168
1530	6171
1523	6173
1451	6175
1396	6178
1400	6180
1447	6183
1483	6185
1526	6188
1535	6191
1496	6193
1388	6196
1315	6198
1317	6200
1372	6203
1410	6205
1426	6208
1438	6210
1438	6213
1407	6215
1398	6217
1413	6220
1458	6222
1486	6225
1516	6227
1545	6230
1588	6233
1596	6235
1584	6238
1576	6240
1610	6242
1631	6245
1631	6247
1615	6250
1582	6252
1543	6254
1510	6257
1522	6259
1553	6262
1539	6264
1506	6267
1492	6269
1481	6272
1419	6275
1352	6277
1302	6280
1321	6282
1359	6284
1363	6287
1365	6289
1382	6292
1387	6294
1347	6296
1326	6299
1348	6301
1419	6304
1463	6306
1480	6308
1469	6311
1423	6313
1345	6317
1330	6319
1371	6321
1456	6324
1499	6326
1511	6329
1515	6331
1519	6333
1479	6336
1468	6338
1504	6341
1554	6343
1560	6346
1559	6348
1569	6350
1583	6353
1540	6355
1481	6359
1452	6361
1464	6363
1466	6366
1458	6368
1455	6371
1473	6373
1451	6375
1426	6378
1418	6380
1452	6383
1455	6385
1435	6387
1427	6390
1438	6392
1427	6395
1403	6397
1403	6400
1463	6403
1547	6405
1617	6408
1648	6410
1636	6413
1585	6415
1508	6417
1487	6420
1536	6422
1574	6425
1550	6427
1522	6429
1502	6432
1447	6434
1382	6437
1323	6439
1336	6441
1375	6445
1382	6447
1382	6450
1380	6452
1358	6454
1302	6457
1279	6459
1304	6462
1374	6464
1431	6466
1492	6469
1535	6471
1542	6474
1494	6476
1486	6478
1524	6481
1590	6483
1615	6487
1625	6489
1621	6491
1580	6494
1479	6496
1426	6499
1452	6501
1493	6504
1509	6506
1494	6508
1488	6511
1488	6513
1441	6516
1402	6518
1407	6520
1449	6523
1468	6525
1476	6529
1473	6531
1472	6533
1426	6536
1388	6538
1387	6541
1431	6543
1472	6545
1488	6548
1506	6550
1517	6553
1489	6555
1444	6557
1424	6560
1455	6562
1480	6565
1508	6567
1524	6569
1520	6573
1457	6575
1359	6578
1315	6580
1357	6582
1410	6585
1426	6587
1418	6590
1399	6592
1365	6595
1299	6597
1280	6599
1329	6602
1396	6604
1425	6607
1437	6609
1443	6611
1431	6615
1406	6617
1397	6620
1430	6622
1488	6624
1522	6627
1546	6629
1551	6632
1526	6634
1451	6636
1413	6639
1408	6641
1445	6644
1456	6646
1444	6648
1427	6651
1432	6653
1416	6657
1415	6659
1425	6661
1454	6664
1473	6666
1499	6669
1550	6671
1598	6674
1567	6676
1510	6678
1490	6681
1510	6683
1530	6686
1533	6688
1535	6690
1551	6693
1538	6695
1513	6699
1492	6701
1490	6703
1492	6706
1504	6708
1531	6711
1533	6713
1464	6715
1387	6718
1376	6720
1431	6723
1472	6725
1494	6727
1512	6730
1540	6732
1535	6735
1497	6737
1478	6740
1529	6743
1589	6745
1620	6748
1636	6750
1637	6753
1603	6755
1529	6757
1508	6760
1581	6762
1668	6765
1698	6767
1678	6769
1637	6772
1593	6774
1502	6777
1450	6779
1496	6781
1589	6785
1630	6787
1608	6790
1561	6792
1507	6794
1451	6797
1413	6799
1451	6802
1539	6804
1598	6806
1618	6809
1606	6811
1579	6814
1520	6816
1494	6819
1506	6821
1554	6823
1573	6827
1563	6829
1540	6832
1535	6834
1490	6836
1451	6839
1446	6841
1465	6844
1482	6846
1477	6848
1477	6851
1481	6853
1433	6856
1384	6858
1378	6860
1428	6863
1458	6865
1471	6868
1474	6871
1477	6873
1440	6876
1410	6878
1426	6881
1502	6883
1556	6885
1569	6888
1572	6890
1551	6893
1490	6895
1424	6898
1419	6900
1491	6902
1546	6905
1544	6907
1523	6910
1485	6913
1422	6915
1335	6918
1289	6920
1317	6923
1374	6925
1417	6927
1469	6930
1495	6932
1491	6935
1415	6937
1368	6939
1390	6942
1440	6944
1461	6947
1480	6949
1508	6951
1521	6955
1489	6957
1443	6960
1425	6962
1439	6964
1431	6967
1430	6969
1437	6972
1434	6974
1387	6977
1378	6979
1404	6981
1458	6984
1462	6986
1438	6989
1420	6991
1407	6993
1359	6996
1355	6999
1412	7002
1473	7004
1528	7006
1559	7009
1573	7011
1581	7014
1546	7016
1527	7018
1539	7021
1565	7023
1564	7026
1549	7028
1543	7031
1532	7033
1466	7035
1417	7038
1433	7041
1494	7044
1504	7046
1466	7048
1416	7051
1382	7053
1338	7056
1309	7058
1327	7060
1404	7063
1470	7065
1512	7068
1536	7070
1545	7072
1518	7075
1466	7077
1475	7080
1565	7083
1655	7085
1680	7088
1673	7090
1674	7093
1663	7095
1610	7097
1580	7100
1585	7102
1601	7105
1575	7107
1556	7110
1543	7112
1504	7114
1441	7117
1390	7119
1392	7122
1416	7124
1417	7127
1426	7130
1456	7132
1472	7135
1417	7137
1377	7139
1356	7142
1384	7144
1405	7147
1428	7149
1459	7151
1488	7154
1472	7156
1474	7159
1512	7161
1547	7163
1551	7166
1540	7169
1541	7172
1555	7174
1525	7177
1499	7179
1509	7181
1553	7184
1576	7186
1593	7189
1595	7191
1580	7193
1514	7196
1457	7198
1449	7201
1498	7203
1526	7205
1528	7208
1542	7211
1556	7214
1530	7216
1488	7218
1478	7221
1528	7223
1560	7226
1589	7228
1619	7230
1627	7233
1585	7235
1503	7238
1470	7240
1510	7242
1541	7245
1526	7247
1505	7250
1492	7252
1472	7256
1428	7258
1432	7260
1476	7263
1512	7265
1493	7268
1461	7270
1446	7272
1419	7275
1376	7277
1336	7280
1340	7282
1372	7284
1388	7287
1411	7289
1437	7292
1447	7294
1426	7297
1436	7300
1474	7302
1538	7305
1578	7307
1595	7309
1582	7312
1558	7314
1504	7317
1488	7319
1520	7322
1558	7324
1575	7326
1558	7329
1533	7331
1502	7334
1440	7336
1420	7339
1448	7342
1487	7344
1481	7347
1463	7349
1459	7351
1455	7354
1390	7356
1332	7359
1339	7361
1407	7363
1453	7366
1472	7368
1493	7371
1506	7373
1458	7375
1378	7378
1351	7380
1412	7384
1482	7386
1549	7389
1615	7391
1646	7393
1609	7396
1497	7398
1435	7401
1484	7403
1546	7405
1557	7408
1518	7410
1460	7413
1405	7415
1324	7417
1301	7420
1368	7422
1464	7426
1515	7428
1530	7430
1512	7433
1459	7435
1407	7438
1390	7440
1442	7442
1525	7445
1563	7447
1587	7450
1612	7452
1603	7454
1531	7457
1489	7459
1477	7462
1521	7464
1539	7468
1525	7470
1483	7472
1430	7475
1354	7477
1333	7480
1378	7482
1425	7484
1448	7487
1430	7489
1394	7492
1374	7494
1337	7496
1352	7499
1406	7501
1458	7504
1456	7506
1430	7508
1432	7512
1446	7514
1401	7517
1342	7519
1315	7522
1359	7524
1402	7526
1420	7529
1412	7531
1377	7534
1303	7536
1250	7538
1264	7541
1343	7543
1402	7546
1416	7548
1398	7550
1373	7554
1311	7556
1245	7559
1229	7561
1292	7563
1375	7566
1435	7568
1468	7571
1465	7573
1449	7575
1417	7578
1408	7580
1416	7583
1410	7585
1379	7588
1368	7590
1374	7592
1381	7596
1389	7598
1423	7601
1490	7603
1539	7605
1546	7608
1558	7610
1557	7613
1515	7615
1433	7617
1399	7620
1419	7622
1469	7625
1485	7627
1501	7629
1536	7632
1561	7634
1523	7638
1491	7640
1499	7642
1524	7645
1522	7647
1498	7650
1468	7652
1440	7655
1387	7657
1366	7659
1390	7662
1434	7664
1449	7667
1457	7669
1464	7671
1467	7674
1428	7676
1409	7680
1444	7682
1515	7684
1551	7687
1566	7689
1579	7692
1617	7694
1612	7696
1580	7699
1555	7701
1581	7704
1606	7706
1624	7708
1630	7711
1619	7713
1549	7716
1450	7718
1382	7720
1384	7724
1395	7726
1417	7729
1459	7731
1492	7734
1467	7736
1372	7738
1312	7741
1337	7743
1430	7746
1519	7748
1579	7750
1577	7753
1519	7755
1462	7758
1422	7760
1446	7762
1484	7766
1489	7768
1494	7771
1496	7773
1480	7775
1434	7778
1420	7780
1437	7783
1473	7785
1471	7787
1461	7790
1446	7792
1405	7795
1322	7797
1286	7799
1321	7802
1375	7804
1424	7808
1447	7810
1459	7813
1476	7815
1450	7817
1430	7820
1428	7822
1446	7825
1452	7827
1475	7829
1509	7832
1530	7834
1486	7837
1449	7839
1461	7841
1524	7844
1598	7846
1643	7849
1665	7852
1628	7854
1521	7857
1432	7859
1408	7862
1441	7864
1464	7866
1476	7869
1490	7871
1491	7874
1440	7876
1379	7878
1360	7881
1398	7883
1426	7886
1441	7888
1462	7891
1489	7894
1483	7896
1445	7899
1442	7901
1497	7904
1546	7906
1541	7908
1516	7911
1481	7913
1436	7916
1409	7918
1410	7920
1468	7923
1524	7925
1529	7928
1526	7930
1510	7932
1463	7936
1378	7938
1340	7941
1359	7943
1430	7945
1471	7948
1479	7950
1461	7953
1419	7955
1336	7958
1288	7960
1302	7962
1349	7965
1410	7967
1460	7970
1490	7972
1487	7974
1434	7977
1399	7980
1399	7983
1420	7985
1419	7987
1419	7990
1435	7992
1449	7995
1405	7997
1363	7999
1351	8002
1383	8004
1438	8007
1487	8009
1541	8011
1545	8014
1456	8016
1374	8019
1368	8022
1437	8025
1484	8027
1479	8029
1443	8032
1384	8034
1312	8037
1264	8039
1283	8041
1361	8044
1405	8046
1407	8049
1394	8051
1372	8053
1313	8056
1253	8058
1254	8061
1317	8064
1365	8066
1371	8069
1370	8071
1381	8074
1384	8076
1374	8078
1403	8081
1491	8083
1589	8086
1631	8088
1632	8090
1614	8093
1578	8095
1523	8098
1472	8100
1472	8102
1515	8105
1539	8108
1550	8111
1539	8113
1498	8115
1406	8118
1365	8120
1382	8123
1453	8125
1490	8128
1489	8130
1463	8132
1433	8135
1375	8137
1360	8140
1408	8142
1465	8144
1530	8147
1604	8150
1676	8153
1717	8155
1661	8157
1602	8160
1591	8162
1616	8165
1623	8167
1613	8169
1597	8172
1569	8174
1485	8177
1408	8179
1393	8181
1452	8184
1505	8186
1530	8189
1553	8192
1552	8194
1498	8197
1427	8199
1395	8202
1431	8204
1462	8207
1490	8209
1523	8211
1558	8214
1536	8216
1460	8219
1419	8221
1464	8223
1542	8226
1598	8228
1630	8231
1628	8233
1576	8236
1490	8239
1454	8241
1486	8244
1532	8246
1533	8248
1520	8251
1506	8253
1471	8256
1434	8258
1428	8260
1473	8263
1542	8265
1575	8268
1597	8270
1589	8273
1530	8275
1429	8278
1391	8281
1402	8283
1455	8286
1478	8288
1484	8290
1505	8293
1549	8295
1541	8298
1518	8300
1500	8302
1494	8305
1481	8307
1473	8310
1487	8312
1528	8314
1521	8317
1499	8320
1484	8323
1494	8325
1511	8327
1552	8330
1591	8332
1594	8335
1508	8337
1416	8339
1406	8342
1475	8344
1528	8347
1540	8349
1528	8352
1498	8354
1428	8356
1366	8359
1356	8361
1402	8365
1425	8367
1417	8369
1415	8372
1432	8374
1434	8377
1422	8379
1430	8381
1475	8384
1506	8386
1510	8389
1524	8391
1540	8393
1536	8396
1486	8398
1444	8401
1439	8403
1450	8406
1456	8409
1478	8411
1493	8414
1476	8416
1387	8418
1325	8421
1327	8423
1360	8426
1373	8428
1427	8431
1498	8433
1530	8435
1473	8438
1425	8440
1407	8443
1440	8445
1466	8448
1484	8451
1487	8453
1467	8456
1404	8458
1391	8460
1433	8463
1520	8465
1569	8468
1578	8470
1562	8472
1537	8475
1469	8477
1429	8480
1444	8482
1475	8484
1497	8487
1503	8489
1511	8493
1539	8495
1533	8497
1524	8500
1524	8502
1541	8505
1542	8507
1530	8510
1537	8512
1556	8514
1527	8517
1482	8519
1456	8522
1485	8524
1531	8526
1560	8529
1610	8531
1647	8535
1619	8537
1544	8539
1489	8542
1502	8544
1519	8547
1522	8549
1537	8551
1545	8554
1531	8556
1507	8559
1523	8561
1588	8563
1625	8566
1596	8568
1553	8571
1507	8573
1470	8577
1411	8579
1414	8581
1488	8584
1572	8586
1582	8589
1554	8591
1530	8593
1510	8596
1480	8598
1473	8601
1497	8603
1521	8605
1498	8608
1484	8610
1492	8613
1497	8615
1445	8617
1416	8621
1413	8623
1463	8626
1504	8628
1551	8630
1602	8633
1634	8635
1579	8638
1493	8640
1438	8642
1427	8645
1419	8647
1421	8650
1457	8652
1514	8655
1520	8657
1505	8659
1494	8663
1499	8665
1496	8668
1515	8670
1550	8672
1570	8675
1518	8677
1438	8680
1396	8682
1421	8684
1461	8687
1498	8689
1559	8692
1595	8694
1550	8696
1455	8699
1408	8701
1443	8705
1475	8707
1483	8709
1485	8712
1476	8714
1420	8717
1339	8719
1324	8721
1391	8724
1466	8726
1490	8729
1484	8731
1463	8734
1420	8736
1344	8738
1318	8741
1354	8743
1407	8747
1433	8749
1467	8751
1499	8754
1491	8756
1434	8759
1358	8761
1334	8763
1367	8766
1412	8768
1453	8771
1456	8773
1411	8775
1326	8778
1311	8780
1360	8783
1451	8785
1503	8787
1499	8791
1456	8793
1398	8796
1297	8798
1238	8801
1240	8803
1316	8805
1402	8808
1471	8810
1507	8813
1499	8815
1411	8817
1328	8820
1300	8822
1332	8825
1389	8827
1437	8829
1469	8833
1468	8835
1398	8838
1323	8840
1287	8842
1309	8845
1328	8847
1347	8850
1380	8852
1417	8854
1403	8857
1371	8859
1362	8862
1396	8864
1415	8866
1416	8869
1426	8871
1442	8875
1421	8877
1357	8880
1322	8882
1343	8884
1376	8887
1408	8889
1473	8892
1525	8894
1555	8896
1504	8899
1455	8901
1461	8904
1492	8906
1499	8908
1501	8911
1491	8913
1480	8916
1431	8919
1415	8921
1458	8924
1527	8926
1560	8929
1567	8931
1542	8933
1490	8936
1403	8938
1369	8941
1379	8943
1423	8946
1441	8948
1448	8950
1457	8953
1460	8955
1395	8958
1329	8961
1304	8963
1321	8966
1357	8968
1412	8971
1460	8973
1478	8975
1422	8978
1368	8980
1366	8983
1396	8985
1443	8987
1506	8990
1573	8992
1613	8995
1563	8997
1484	8999
1442	9003
1470	9005
1503	9008
1542	9010
1572	9012
1567	9015
1491	9017
1403	9020
1371	9022
1420	9024
1475	9027
1494	9029
1501	9032
1486	9034
1433	9037
1379	9039
1375	9041
1430	9044
1479	9047
1484	9050
1474	9052
1460	9054
1430	9057
1388	9059
1406	9062
1484	9064
1554	9066
1567	9069
1558	9071
1549	9074
1535	9076
1476	9078
1456	9081
1511	9083
1589	9086
1613	9089
1608	9091
1595	9094
1572	9096
1520	9099
1464	9101
1463	9103
1524	9106
1579	9108
1615	9111
1611	9113
1563	9116
1454	9118
1391	9120
1378	9123
1450	9125
1513	9128
1536	9131
1521	9133
1498	9136
1459	9138
1457	9141
1471	9143
1510	9145
1509	9148
1498	9150
1526	9153
1563	9155
1535	9157
1491	9160
1475	9162
1509	9165
1523	9167
1522	9169
1535	9172
1563	9175
1533	9178
1466	9180
1425	9183
1444	9185
1464	9187
1469	9190
1482	9192
1500	9195
1516	9197
1513	9199
1510	9202
1530	9204
1527	9207
1501	9209
1486	9211
1470	9214
1440	9217
1391	9220
1403	9222
1480	9224
1547	9227
1553	9229
1543	9232
1538	9234
1522	9236
1451	9239
1395	9241
1390	9244
1417	9246
1421	9249
1423	9251
1430	9253
1447	9256
1453	9259
1486	9262
1537	9264
1578	9266
1572	9269
1566	9271
1569	9274
1583	9276
1550	9278
1529	9281
1521	9283
1541	9286
1548	9288
1559	9290
1581	9293
1594	9295
1543	9298
1501	9300
1497	9303
1511	9306
1507	9308
1496	9311
1487	9313
1473	9316
1407	9318
1355	9320
1355	9323
1406	9325
1428	9328
1433	9330
1458	9332
1504	9335
1498	9337
1460	9340
1441	9342
1473	9345
1504	9348
1513	9350
1519	9353
1522	9355
1491	9357
1444	9360
1434	9362
1486	9365
1540	9367
1557	9369
1549	9372
1533	9374
1500	9377
1448	9379
1444	9382
1490	9384
1530	9387
1517	9390
1483	9392
1446	9395
1422	9397
1404	9399
1435	9402
1496	9404
1537	9407
1505	9409
1469	9411
1456	9414
1445	9416
1420	9419
1430	9421
1470	9423
1517	9426
1545	9428
1565	9432
1573	9434
1547	9436
1445	9439
1363	9441
1344	9444
1373	9446
1428	9449
1496	9451
1558	9453
1581	9456
1514	9458
1433	9461
1388	9463
1388	9465
1395	9468
1412	9470
1462	9474
1536	9476
1544	9478
1522	9481
1506	9483
1516	9486
1514	9488
1505	9490
1495	9493
1508	9495
1498	9498
1477	9500
1472	9502
1497	9505
1499	9507
1486	9510
1487	9512
1502	9516
1497	9518
1462	9520
1434	9523
1461	9525
1494	9528
1512	9530
1536	9532
1549	9535
1529	9537
1468	9540
1455	9542
1508	9544
1552	9547
1542	9549
1500	9552
1456	9554
1408	9556
1374	9560
1379	9562
1460	9565
1562	9567
1595	9569
1576	9572
1523	9574
1456	9577
1375	9579
1348	9582
1370	9584
1456	9586
1538	9589
1600	9591
1630	9594
1607	9596
1511	9598
1438	9602
1428	9604
1463	9607
1489	9609
1501	9611
1505	9614
1511	9616
1489	9619
1474	9621
1485	9623
1510	9626
1521	9628
1510	9631
1502	9633
1502	9635
1480	9638
1477	9640
1500	9644
1529	9646
1525	9648
1508	9651
1516	9653
1537	9656
1509	9658
1465	9661
1459	9663
1520	9665
1576	9668
1608	9670
1613	9673
1589	9675
1513	9677
1431	9680
1397	9682
1435	9686
1468	9688
1472	9690
1465	9693
1453	9695
1408	9698
1341	9700
1338	9702
1408	9705
1477	9707
1495	9710
1490	9712
1487	9714
1485	9717
1457	9719
1449	9722
1484	9724
1548	9726
1577	9730
1591	9732
1582	9735
1546	9737
1506	9740
1504	9742
1561	9744
1622	9747
1610	9749
1562	9752
1513	9754
1490	9756
1471	9759
1479	9761
1510	9764
1548	9766
1540	9768
1516	9772
1494	9774
1476	9777
1448	9779
1459	9781
1492	9784
1558	9786
1580	9789
1564	9791
1540	9793
1523	9796
1483	9798
1470	9801
1477	9803
1494	9805
1486	9808
1470	9810
1469	9814
1483	9816
1461	9819
1439	9821
1435	9823
1456	9826
1467	9828
1478	9831
1497	9833
1497	9835
1434	9838
1344	9840
1295	9843
1317	9845
1355	9847
1384	9850
1400	9852
1406	9856
1371	9858
1308	9860
1300	9863
1387	9865
1487	9868
1538	9870
1550	9872
1532	9875
1500	9877
1442	9880
1426	9882
1466	9885
1536	9887
1569	9889
1571	9892
1547	9894
1492	9897
1435	9900
1417	9902
1485	9905
1581	9907
1608	9910
1587	9912
1542	9914
1490	9917
1410	9919
1381	9922
1394	9924
1448	9926
1478	9929
1481	9931
1470	9934
1445	9936
1378	9938
1352	9942
1421	9944
1505	9947
1574	9949
1581	9952
1539	9954
1480	9956
1413	9959
1385	9961
1394	9964
1437	9966
1459	9968
1485	9971
1514	9973
1521	9976
1454	9978
1374	9980
1335	9984
1381	9986
1474	9989
1538	9991
1592	9993
1592	9996
1513	9998
1424	10001
1395	10003
1436	10006
1469	10008
1484	10010
1490	10013
1494	10015
1465	10018
1429	10020
1422	10023
1455	10025
1463	10029
1446	10031
1440	10034
1462	10036
1453	10039
1434	10041
1421	10043
1430	10046
1440	10048
1465	10051
1483	10053
1485	10056
1434	10058
1390	10061
1395	10063
1462	10066
1510	10068
1523	10071
1526	10074
1515	10076
1457	10079
1417	10081
1442	10084
1514	10086
1552	10089
1554	10091
1535	10094
1502	10096
1418	10098
1352	10101
1339	10103
1372	10106
1391	10108
1398	10112
1426	10114
1486	10117
1510	10119
1524	10122
1534	10124
1541	10126
1523	10129
1507	10131
1496	10134
1493	10136
1469	10139
1476	10141
1521	10144
1589	10146
1614	10149
1628	10151
1626	10155
1596	10157
1492	10159
1398	10162
1365	10164
1401	10167
1447	10169
1476	10172
1483	10174
1485	10177
1440	10179
1417	10182
1432	10184
1475	10186
1486	10189
1478	10191
1475	10194
1495	10196
1479	10200
1461	10202
1459	10205
1473	10207
1463	10210
1462	10212
1484	10214
1493	10217
1434	10219
1382	10222
1401	10224
1460	10227
1490	10229
1499	10232
1484	10234
1440	10237
1358	10240
1323	10243
1319	10245
1357	10247
1407	10250
1470	10252
1538	10255
1558	10257
1477	10260
1392	10262
1359	10265
1373	10267
1393	10270
1437	10272
1504	10274
1540	10277
1493	10279
1441	10283
1445	10285
1485	10288
1494	10290
1478	10293
1446	10295
1424	10298
1429	10300
1493	10302
1575	10305
1609	10307
1572	10310
1513	10312
1464	10315
1419	10317
1376	10320
1369	10322
1402	10326
1422	10328
1412	10330
1414	10333
1446	10335
1491	10338
1492	10340
1487	10343
1489	10345
1486	10348
1453	10350
1429	10353
1430	10355
1425	10358
1389	10360
1372	10362
1407	10365
1486	10368
1571	10371
1634	10373
1633	10376
1552	10378
1425	10381
1349	10383
1363	10386
1416	10388
1478	10390
1539	10393
1566	10395
1526	10398
1445	10400
1418	10403
1472	10405
1525	10408
1546	10411
1545	10414
1513	10416
1423	10418
1353	10421
1353	10423
1433	10426
1518	10428
1556	10431
1575	10433
1563	10436
1494	10438
1395	10441
1330	10443
1342	10446
1379	10448
1415	10450
1466	10454
1516	10456
1503	10459
1442	10461
1387	10464
1388	10466
1394	10469
1381	10471
1372	10474
1391	10476
1399	10478
1427	10481
1473	10483
1534	10486
1556	10488
1535	10491
1522	10493
1559	10497
1565	10499
1537	10502
1502	10504
1490	10506
1454	10509
1426	10511
1443	10514
1472	10516
1450	10519
1404	10521
1370	10524
1381	10526
1391	10529
1427	10531
1492	10533
1541	10536
1504	10539
1435	10542
1418	10544
1469	10547
1527	10549
1557	10552
1555	10554
1517	10557
1430	10559
1367	10562
1363	10564
1408	10566
1459	10569
1503	10571
1530	10574
1522	10576
1447	10579
1393	10582
1412	10585
1495	10587
1564	10590
1598	10592
1589	10594
1566	10597
1503	10599
1458	10602
1446	10604
1459	10607
1456	10609
1445	10612
1463	10614
1526	10617
1548	10619
1537	10621
1516	10625
1503	10627
1470	10630
1444	10632
1425	10635
1422	10637
1379	10640
1352	10642
1370	10645
1424	10647
1460	10649
1480	10652
1496	10654
1515	10657
1480	10659
1453	10662
1467	10664
1506	10668
1510	10670
1500	10673
1493	10675
1481	10678
1440	10680
1434	10682
1479	10685
1541	10687
1565	10690
1566	10692
1537	10695
1478	10697
1380	10700
1333	10702
1322	10705
1365	10707
1422	10710
1488	10713
1538	10715
1565	10718
1526	10720
1502	10723
1517	10725
1539	10728
1527	10730
1518	10733
1512	10735
1498	10737
1444	10740
1414	10742
1442	10745
1503	10747
1553	10750
1595	10753
1607	10756
1563	10758
1475	10761
1425	10763
1434	10766
1483	10768
1529	10770
1575	10773
1591	10775
1546	10778
1446	10780
1398	10783
1432	10785
1491	10788
1541	10790
1573	10793
1580	10796
1533	10798
1429	10801
1356	10803
1348	10806
1377	10808
1404	10811
1448	10813
1494	10816
1501	10818
1455	10821
1436	10823
1523	10825
1630	10828
1670	10830
1656	10833
1607	10835
1529	10839
1450	10841
1414	10844
1430	10846
1451	10849
1462	10851
1495	10853
1529	10856
1515	10858
1470	10861
1454	10863
1548	10866
1661	10868
1718	10871
1717	10873
1680	10876
1594	10878
1530	10882
1548	10884
1607	10886
1665	10889
1671	10891
1658	10894
1627	10896
1571	10899
1497	10901
1462	10904
1494	10906
1525	10909
1543	10911
1567	10913
1586	10916
1557	10918
1496	10921
1446	10924
1446	10927
1447	10929
1445	10932
1447	10934
1444	10937
1396	10939
1360	10941
1368	10944
1429	10946
1476	10949
1497	10951
1506	10954
1503	10956
1455	10959
1420	10961
1439	10964
1502	10967
1535	10970
1532	10972
1479	10974
1419	10977
1367	10979
1316	10982
1315	10984
1365	10987
1395	10989
1392	10992
1375	10994
1353	10997
1293	10999
1243	11001
1240	11004
1318	11006
1409	11010
1458	11012
1449	11015
1392	11017
1273	11020
1162	11022
1105	11025
1103	11027
1102	11029
1093	11032
1072	11034
1045	11037
978	11039
929	11042
926	11044
950	11046
960	11049
969	11052
993	11055
1022	11057
1009	11060
986	11062
975	11064
1009	11067
1055	11069
1096	11072
1129	11074
1146	11077
1109	11079
1066	11082
1057	11084
1092	11087
1124	11089
1154	11091
1177	11095
1208	11097
1209	11100
1216	11102
1257	11105
1336	11107
1397	11110
1432	11112
1465	11115
1484	11117
1445	11119
1397	11122
1388	11124
1432	11127
1478	11129
1513	11132
1544	11134
1574	11138
1565	11140
1567	11143
1603	11145
1672	11147
1720	11150
1751	11152
1780	11155
1803	11157
1783	11160
1771	11162
1794	11165
1843	11167
1873	11170
1890	11172
1899	11175
1898	11177
1856	11180
1832	11183
1848	11185
1880	11188
1907	11190
1931	11193
1959	11195
1973	11198
1931	11200
1888	11203
1877	11205
1900	11207
1912	11210
1915	11212
1916	11215
1910	11217
1861	11220
1828	11223
1836	11226
1873	11228
1893	11231
1912	11233
1931	11235
1927	11238
1869	11240
1826	11243
1823	11245
1849	11248
1857	11250
1862	11253
1863	11255
1851	11258
1804	11260
1784	11262
1814	11266
1859	11268
1870	11271
1869	11273
1862	11276
1836	11278
1776	11281
1746	11283
1741	11286
1766	11288
1770	11291
1766	11293
1760	11295
1744	11298
1681	11300
1631	11303
1615	11305
1620	11309
1603	11311
1580	11314
1554	11316
1512	11319
1439	11321
1395	11323
1408	11326
1441	11328
1442	11331
1427	11333
1401	11336
1358	11338
1290	11341
1257	11343
1278	11346
1314	11348
1329	11351
1347	11354
1371	11356
1366	11359
1322	11361
1295	11364
1321	11366
1354	11369
1367	11371
1376	11374
1377	11376
1360	11379
1310	11381
1296	11383
1346	11386
1415	11388
1450	11392
1466	11394
1460	11397
1427	11399
1367	11402
1340	11404
1370	11407
1416	11409
1441	11411
1462	11414
1472	11416
1442	11419
1384	11421
1355	11424
1382	11426
1415	11429
1431	11431
1442	11435
1448	11437
1420	11439
1382	11442
1374	11444
1418	11447
1458	11449
1478	11452
1497	11454
1513	11457
1489	11459
1454	11462
1446	11464
1485	11467
1512	11469
1526	11471
1536	11474
1540	11476
1515	11480
1479	11482
1477	11485
1526	11487
1562	11490
1568	11492
1567	11495
1559	11497
1516	11499
1466	11502
1453	11504
1495	11507
1532	11509
1549	11512
1565	11514
1579	11517
1547	11520
1502	11523
1478	11525
1499	11527
1518	11530
1525	11532
1526	11535
1521	11537
1470	11540
1423	11542
1415	11545
1448	11547
1471	11550
1482	11552
1494	11554
1498	11557
1451	11559
1413	11563
1390	11565
1430	11568
1476	11570
1495	11573
1491	11575
1471	11578
1407	11580
1344	11583
1317	11585
1338	11587
1352	11590
1356	11592
1357	11595
1353	11597
1306	11600
1270	11602
1273	11606
1314	11608
1347	11611
1371	11613
1380	11615
1371	11618
1312	11620
1271	11623
1271	11625
1302	11628
1317	11630
1320	11633
1318	11635
1305	11638
1247	11640
1210	11642
1220	11645
1262	11648
1286	11651
1300	11653
1304	11656
1301	11658
1251	11661
1211	11663
1212	11666
1252	11668
1280	11671
1304	11673
1321	11675
1323	11678
1272	11680
1235	11683
1249	11685
1297	11688
1329	11691
1348	11694
1362	11696
1367	11699
1336	11701
1326	11703
1351	11706
1391	11708
1399	11711
1394	11713
1388	11716
1370	11718
1313	11721
1282	11723
1298	11726
1337	11728
1352	11730
1362	11734
1367	11736
1354	11739
1303	11741
1275	11744
1283	11746
1314	11749
1326	11751
1328	11754
1328	11756
1319	11758
1271	11761
1251	11763
1284	11766
1349	11768
1394	11771
1428	11773
1447	11777
1438	11779
1385	11782
1360	11784
1388	11787
1443	11789
1476	11791
1504	11794
1527	11796
1533	11799
1506	11801
1500	11804
1539	11806
1584	11809
1604	11811
1621	11814
1633	11816
1617	11819
1575	11822
1561	11824
1602	11827
1646	11829
1665	11832
1677	11834
1682	11837
1654	11839
1618	11842
1597	11844
1630	11846
1679	11849
1697	11851
1703	11854
1702	11856
1677	11859
1622	11862
1598	11865
1628	11867
1669	11870
1687	11872
1706	11875
1722	11877
1707	11879
1658	11882
1627	11884
1644	11887
1666	11889
